100
73 1202
10 67 89 71 31 84 60 63 54 26 3 14 65 14 72 44 88 55 76 52 5 57 27 0 39 1 52 52 16 0 96 31 81 66 23 90 45 29 33 75 16 2 56 59 45 80 100 13 48 31 51 89 93 17 85 99 16 4 26 89 8 79 38 68 69 60 84 55 73 42 100 66 87
88 5650
57 3 69 62 84 25 87 20 17 96 9 56 87 73 89 91 39 5 26 96 94 80 98 63 68 24 66 60 14 91 25 100 13 74 70 95 33 50 6 88 96 28 40 75 86 88 3 26 59 38 44 54 63 41 60 34 63 65 32 90 18 80 61 91 53 57 87 57 36 90 75 62 17 44 87 49 2 92 100 81 22 38 40 88 91 29 17 85
69 2931
89 27 96 16 53 12 17 25 26 55 78 49 42 11 65 20 78 7 9 11 13 28 87 69 33 99 59 94 57 98 36 10 35 100 65 100 73 1 55 50 98 11 38 54 39 81 15 35 77 26 51 20 67 28 0 85 5 93 50 25 97 51 67 81 20 9 41 41 74
22 6953
58 12 55 87 27 95 70 26 97 68 4 1 29 14 64 100 59 85 18 29 45 100
76 3196
51 19 100 12 66 25 64 32 79 14 54 17 77 12 94 43 28 13 31 3 76 34 46 34 6 69 26 25 65 74 17 28 96 66 30 32 100 24 23 65 35 0 9 19 79 87 52 11 94 83 55 81 26 9 55 35 96 38 22 82 72 80 95 0 74 42 13 97 50 62 99 43 22 47 46 88
47 2746
51 19 90 95 89 64 97 55 64 28 35 52 5 76 60 48 57 30 10 72 12 51 68 49 71 75 81 6 98 61 0 29 12 57 93 21 73 47 84 79 39 73 12 85 15 46 91
85 147
91 62 6 69 2 97 70 44 14 30 28 42 74 1 21 23 55 29 13 84 83 37 97 10 31 3 62 80 61 54 83 90 63 39 78 63 47 46 3 3 41 31 79 97 14 41 25 67 72 99 57 20 32 24 24 98 10 13 51 37 21 92 11 71 4 27 72 91 29 87 16 85 73 10 42 24 67 64 32 40 65 42 83 47 65
16 6758
76 81 45 4 51 44 11 93 12 17 89 13 48 51 61 57
86 3590
94 18 98 12 57 41 70 25 59 16 7 85 73 14 75 62 48 24 60 41 47 84 25 69 84 40 74 76 53 28 27 47 34 99 23 57 77 89 7 73 2 34 90 33 25 16 71 93 38 76 74 21 58 78 8 20 26 14 34 35 83 60 53 8 60 50 96 74 76 23 0 4 66 32 37 11 39 20 82 88 52 6 31 97 88 68
67 4098
93 71 10 48 17 92 47 26 49 20 50 89 32 64 19 35 16 55 74 95 11 25 6 13 79 31 70 4 8 21 25 60 84 67 18 61 47 27 64 17 73 70 22 94 82 63 52 80 64 87 16 23 13 21 95 32 59 85 75 54 39 66 38 51 42 71 51
12 747
93 24 25 97 37 72 3 82 92 0 68 73
20 8707
6 2 98 96 86 28 36 13 21 65 34 12 76 50 51 57 45 96 64 61
52 4987
93 66 61 82 41 37 74 32 58 18 79 69 63 23 4 63 76 7 26 32 43 73 18 52 69 93 3 57 5 4 75 92 85 65 39 78 67 80 1 81 100 88 7 59 3 10 22 60 66 79 72 22
78 1289
3 24 82 23 43 86 90 56 56 99 49 37 80 53 13 93 69 26 31 86 72 49 17 38 26 77 32 92 30 19 39 44 12 72 26 4 12 11 75 30 81 99 8 56 28 78 76 55 15 71 39 63 71 98 31 47 77 30 68 86 62 44 17 96 92 41 31 32 16 4 36 94 85 70 41 33 52 75
89 3640
8 8 49 51 48 70 11 86 69 64 56 54 68 79 49 79 2 7 56 75 82 68 85 5 9 2 36 54 49 98 23 93 74 71 26 53 87 9 77 47 25 90 65 0 28 21 9 10 8 64 17 80 80 30 65 8 4 59 72 41 99 47 69 14 98 96 37 86 95 30 0 28 57 29 96 87 17 34 19 68 74 51 48 6 10 32 26 27 43
24 608
67 45 21 76 9 6 61 7 78 93 82 88 21 82 100 37 56 57 19 27 78 93 57 12
4 5057
97 79 30 80
88 5884
67 99 85 59 43 14 47 93 74 74 55 47 33 76 34 44 64 54 67 1 48 74 47 51 80 44 30 27 35 50 9 37 4 57 20 37 81 66 81 36 4 44 90 1 49 99 72 70 77 69 85 36 18 10 45 51 87 67 34 22 84 30 62 17 51 99 41 26 70 85 14 75 1 81 44 52 83 9 36 89 26 100 98 88 14 18 32 96
87 812
94 11 27 80 67 44 10 95 69 51 23 36 92 20 59 52 93 23 98 52 38 27 30 37 42 14 87 26 73 84 49 63 38 37 48 61 0 31 89 96 63 25 32 37 2 90 33 34 42 62 54 31 85 1 65 10 38 83 0 61 40 0 17 22 75 83 70 97 43 88 6 82 7 72 55 75 19 99 18 38 90 85 83 0 70 13 36
69 5224
95 99 25 41 60 19 73 76 96 90 39 66 14 100 41 42 53 57 71 91 14 100 99 37 52 69 99 98 29 6 100 4 17 83 89 82 95 100 80 14 92 99 28 78 25 90 78 29 61 73 44 98 15 24 97 53 64 7 97 49 68 11 12 14 9 32 54 8 28
86 9668
73 68 47 27 29 24 82 94 17 4 2 46 25 7 68 19 22 88 31 38 68 23 27 76 50 23 97 26 18 11 84 65 51 27 29 29 24 2 21 19 27 31 70 73 37 44 48 49 46 67 45 94 33 30 45 13 100 1 60 69 65 78 77 86 49 76 65 70 78 1 33 82 28 52 90 87 6 54 73 22 11 100 52 78 88 97
16 2232
20 78 21 52 62 90 8 35 66 45 94 63 69 20 58 64
89 634
58 45 31 97 30 62 64 45 3 2 45 68 74 60 51 31 83 71 3 70 69 34 67 67 48 88 17 93 49 97 62 46 18 15 55 13 48 5 91 62 80 20 83 57 53 50 91 83 29 66 88 32 15 73 8 93 99 95 26 77 94 77 62 42 53 27 100 82 7 69 91 34 61 90 72 31 6 76 70 77 21 74 79 46 4 63 48 89 26
9 5944
38 45 28 35 16 74 12 10 65
52 530
87 70 76 79 37 89 90 99 84 9 23 99 12 41 19 95 33 55 44 57 86 74 56 3 7 55 68 85 74 25 43 48 82 60 66 68 46 60 49 78 29 96 42 98 69 29 90 42 26 47 27 21
13 9304
97 61 9 9 31 48 77 75 94 5 49 15 1
74 9631
72 78 51 75 31 3 73 14 70 73 65 14 28 33 4 73 37 63 12 73 2 82 44 33 66 9 3 1 17 96 73 45 49 53 31 37 99 97 45 57 11 92 63 85 48 66 55 95 96 83 78 14 5 65 55 49 21 49 64 0 89 26 73 48 88 36 87 2 88 96 80 43 57 88
78 2163
78 92 83 23 47 66 53 65 86 11 26 96 66 97 14 22 16 74 22 35 62 60 38 58 35 94 38 99 38 39 75 70 11 70 74 50 94 45 73 50 56 49 50 49 55 40 3 74 98 12 75 75 24 8 53 24 83 73 60 95 66 26 24 42 8 17 35 18 76 93 8 35 93 35 18 34 40 100
2 484
66 82
73 7305
34 86 98 69 60 35 19 80 72 67 76 27 10 16 65 74 16 31 12 57 54 38 80 8 21 20 65 90 46 77 88 46 26 37 33 24 24 3 41 61 32 50 83 31 16 27 69 53 61 94 66 32 79 42 5 64 71 22 45 65 6 35 74 14 68 18 5 45 46 52 10 90 20
19 6428
100 55 8 100 11 27 39 64 47 68 93 78 10 95 80 43 54 44 25
80 8503
45 46 65 2 51 34 31 85 80 46 13 40 2 89 0 46 64 86 53 47 85 76 37 27 57 94 56 44 77 78 16 86 28 78 44 26 7 31 8 30 27 78 76 57 13 86 25 64 63 25 13 50 74 39 44 66 69 61 65 31 84 8 97 52 40 84 8 82 47 70 100 44 51 77 58 92 59 97 34 97
30 8308
37 68 59 44 63 47 38 40 67 79 23 74 67 96 13 44 100 80 95 30 62 91 16 4 18 24 18 79 2 58
97 5041
14 11 57 63 46 37 39 62 17 47 15 70 23 25 61 95 10 100 37 52 58 22 39 34 73 57 5 29 98 43 51 64 84 38 40 59 10 18 93 89 48 87 39 91 82 53 58 36 30 78 74 62 64 83 32 41 79 81 2 68 99 82 20 40 17 25 81 55 65 52 10 24 60 13 1 82 22 28 87 70 68 84 17 43 93 71 16 34 74 68 28 62 63 97 69 54 75
54 9874
7 66 98 95 19 2 79 33 24 64 79 63 4 79 83 31 7 38 28 28 10 19 43 56 8 22 68 39 20 14 15 69 86 74 78 45 6 87 27 83 83 15 37 3 16 45 10 76 39 63 24 9 44 2
66 369
92 49 1 51 16 57 35 62 52 27 11 77 91 71 9 89 9 8 67 50 78 32 82 46 39 72 45 20 68 94 10 3 6 16 13 93 66 21 39 71 73 59 91 90 41 9 1 73 81 69 41 2 71 92 91 87 47 59 29 98 42 31 19 24 82 64
55 4301
57 29 52 60 1 6 13 1 6 26 100 27 95 27 3 100 27 95 77 83 52 16 81 83 83 90 66 77 14 89 53 72 5 81 35 13 34 62 92 40 23 59 88 16 45 45 81 55 57 14 16 77 97 86 58
45 2921
4 40 32 35 45 98 81 81 75 31 10 16 67 69 71 75 24 53 73 51 79 55 2 24 45 11 34 22 20 16 96 56 36 23 55 20 37 67 94 30 91 68 21 29 6
97 173
16 57 32 78 50 12 3 99 13 75 14 42 17 73 55 20 4 91 31 33 47 62 70 14 0 20 16 4 88 92 22 34 38 86 35 9 33 14 65 61 89 97 67 88 45 55 62 8 54 55 49 93 91 41 50 59 12 79 75 100 22 74 15 92 35 74 2 24 34 24 28 1 7 76 87 1 95 83 4 29 42 16 41 41 61 93 13 69 50 68 81 24 94 94 94 10 38
67 5874
54 49 84 65 50 94 98 93 69 76 88 71 91 20 82 70 64 16 50 87 83 15 24 43 52 56 80 39 53 96 90 63 64 11 77 59 66 68 50 33 55 29 100 40 70 7 58 15 52 34 0 21 49 14 98 5 86 99 23 58 71 56 74 90 48 39 95
83 3732
16 71 61 18 40 4 17 28 13 30 46 99 8 5 38 95 38 36 31 41 37 53 94 65 37 65 15 22 93 56 80 73 0 71 30 2 59 38 1 67 83 14 84 40 7 93 76 72 60 14 21 56 54 71 42 54 98 40 37 30 62 86 90 51 31 3 68 5 57 84 56 64 79 32 55 97 12 84 83 96 98 85 67
64 7708
98 100 77 36 53 62 92 95 19 42 81 49 92 82 78 30 80 70 35 23 0 63 97 64 70 97 91 45 58 68 37 8 94 83 21 33 34 66 1 63 66 91 28 3 99 35 66 47 48 8 76 10 90 71 61 93 85 7 43 42 31 100 29 71
70 9322
23 67 57 32 29 67 83 97 57 26 72 14 21 15 82 47 6 91 14 45 49 6 65 35 37 11 35 22 64 36 35 48 64 23 100 18 84 85 52 58 39 90 7 90 3 42 99 64 100 97 40 55 31 34 15 10 59 54 3 59 17 49 40 3 8 37 87 90 94 27
96 3291
68 97 61 60 34 27 91 69 100 6 6 72 60 62 0 8 12 86 17 66 47 69 22 68 64 72 5 0 87 24 8 4 62 45 96 1 42 74 69 63 70 37 90 51 87 98 8 36 11 58 93 42 43 38 59 10 42 17 17 7 34 64 100 2 70 87 78 38 14 36 72 11 64 37 45 70 5 2 78 40 53 51 52 16 25 19 26 4 8 40 36 53 10 85 97 98
29 9301
75 25 0 52 90 21 45 77 60 28 88 93 24 52 76 48 23 43 35 80 16 35 17 4 8 81 83 79 96
99 6217
18 67 11 54 10 49 84 26 51 6 37 25 16 79 29 42 69 80 91 22 32 92 26 88 74 88 39 57 51 25 11 40 8 51 51 26 7 17 32 30 84 8 34 81 31 41 55 24 71 13 5 30 48 73 31 56 34 20 0 28 98 74 51 95 54 2 9 83 18 54 65 34 9 64 22 100 29 81 30 41 1 63 37 79 37 47 14 22 28 100 68 80 62 52 59 38 44 13 8
57 1895
84 6 6 89 77 11 53 90 79 27 36 58 25 11 99 84 80 18 52 99 47 39 33 7 75 100 41 94 99 75 2 2 34 92 11 44 27 50 47 51 87 16 67 43 34 26 3 98 50 76 11 1 83 82 95 73 92
34 3771
0 77 44 65 64 56 27 88 99 40 58 4 11 77 32 81 70 35 0 5 29 21 94 18 21 68 40 91 24 82 54 43 59 89
98 5461
6 70 47 64 24 83 9 79 17 82 68 99 17 88 68 100 19 97 79 100 46 78 9 29 77 2 8 57 44 37 93 72 4 17 0 87 31 86 72 47 18 3 76 20 92 76 86 52 7 77 87 40 56 77 84 21 42 11 23 99 67 84 49 99 35 64 6 30 86 56 22 36 52 7 81 32 77 12 58 19 48 66 40 10 43 22 26 68 71 31 9 75 17 93 59 83 73 89
62 2788
18 3 83 27 38 37 81 100 5 7 74 20 4 8 43 56 1 40 94 61 14 88 64 34 20 26 43 43 59 74 25 0 36 63 68 52 30 85 34 99 78 36 23 47 46 43 24 29 72 43 54 16 58 16 2 6 87 23 86 54 41 92
48 163
17 10 98 40 77 96 90 47 13 36 8 80 5 79 94 38 23 29 53 67 82 20 45 55 10 39 0 77 18 77 58 62 82 10 93 37 6 44 78 76 58 68 41 36 46 50 26 92
98 9332
84 84 41 50 56 3 31 30 6 29 57 6 67 10 54 70 13 27 86 93 97 37 5 82 32 5 32 88 11 50 15 57 100 91 24 68 75 96 25 88 9 57 2 10 37 8 45 91 83 80 71 90 83 35 21 3 10 3 59 60 1 66 77 51 82 14 5 20 49 96 21 18 75 7 38 40 63 94 53 61 39 88 56 98 68 61 35 6 12 90 18 80 73 48 2 33 42 36
71 3173
76 47 26 89 34 44 44 93 7 79 66 55 26 54 12 85 59 81 89 56 81 34 17 91 100 36 31 76 12 34 76 23 88 94 7 21 7 41 42 52 13 2 86 2 4 91 29 65 72 70 38 7 2 81 24 9 1 9 97 32 93 70 57 89 4 27 15 51 5 28 32
60 149
38 33 5 71 88 55 48 96 76 45 85 44 16 37 35 81 57 44 64 35 37 11 95 10 24 23 43 93 75 36 84 44 13 58 37 80 61 87 69 27 55 72 4 3 72 1 11 68 76 53 76 14 48 85 19 44 48 23 34 11
23 4406
94 18 75 98 77 21 47 88 87 64 53 8 100 51 13 91 66 31 20 9 89 30 75
42 6158
20 48 99 13 61 6 10 93 21 23 54 37 83 0 79 23 32 39 92 39 39 98 57 79 78 79 29 9 94 98 2 99 66 100 38 2 43 44 62 44 73 71
40 6913
27 93 42 51 13 29 34 43 88 93 74 5 30 2 30 73 65 30 5 81 89 12 1 72 55 37 29 67 10 65 83 51 57 84 14 39 15 6 5 76
7 2288
91 37 4 48 60 29 78
49 8663
61 38 22 30 43 58 85 39 54 31 44 82 29 92 75 58 58 33 69 80 4 28 64 96 98 60 14 41 19 23 55 95 40 44 88 60 93 59 89 89 35 57 72 53 60 33 96 38 32
91 767
95 55 70 15 38 84 38 28 70 0 84 96 61 89 63 11 83 1 51 39 79 88 31 17 41 86 95 50 83 79 80 14 81 27 65 37 75 17 77 99 22 72 20 4 0 81 70 52 100 86 16 89 43 35 15 62 21 50 13 47 80 64 98 34 39 20 83 59 80 3 30 24 70 15 83 27 67 56 30 44 4 80 4 56 49 17 10 37 19 21 10
17 4721
100 50 54 55 33 100 73 72 90 62 69 61 16 59 26 45 99
60 811
70 79 48 32 23 8 27 8 48 56 30 53 12 13 86 89 32 85 4 33 29 63 14 77 87 72 87 42 77 40 60 5 7 80 96 16 50 100 49 93 9 56 97 30 47 24 4 59 22 89 76 85 32 26 82 88 68 70 23 93
14 4022
15 54 41 55 42 26 89 72 41 97 61 94 91 88
58 796
5 36 38 27 56 37 76 5 44 59 61 21 16 5 69 48 56 78 36 61 54 3 99 92 82 68 55 32 100 91 2 61 29 91 31 66 91 95 6 12 42 0 74 99 74 21 82 36 78 55 45 86 44 92 24 95 43 2
72 8436
43 76 11 12 87 12 8 58 52 2 9 10 11 19 38 6 78 72 25 5 28 26 67 58 86 70 13 76 17 38 74 0 16 17 94 31 8 28 92 95 2 97 59 84 4 21 69 97 74 42 33 37 9 7 79 64 9 39 4 47 24 96 6 51 78 9 40 34 86 100 4 25
59 2725
13 14 71 57 66 72 59 32 99 28 11 60 38 27 64 65 51 67 95 80 14 81 92 65 73 52 26 18 44 60 6 72 61 56 15 78 13 100 96 82 22 39 54 54 39 11 70 87 20 40 9 100 73 71 59 54 69 29 41
26 6669
5 38 67 0 91 8 77 38 1 66 94 57 94 33 2 42 19 70 41 35 66 76 98 11 24 80
86 6378
85 3 14 66 12 74 45 65 39 59 12 25 29 83 19 69 50 28 21 8 62 88 76 23 81 3 15 24 10 84 78 63 14 7 58 21 16 86 87 74 13 17 29 62 1 52 14 82 3 63 8 42 24 16 70 73 38 4 68 4 44 45 27 55 35 44 15 71 8 83 51 39 44 66 87 9 49 92 80 13 40 7 4 36 29 74
24 8892
97 48 90 47 79 54 17 89 73 58 27 86 36 37 3 63 91 8 14 21 51 94 33 0
15 2242
78 19 93 58 30 96 25 78 36 52 49 31 40 78 10
74 7244
41 72 99 77 53 48 95 45 23 42 18 22 69 54 22 4 90 17 21 91 30 41 21 90 32 60 62 96 66 75 35 20 17 73 62 19 66 68 39 82 33 2 98 64 49 75 17 9 28 85 91 57 49 91 64 48 48 43 28 88 11 81 92 41 28 92 77 17 85 59 31 47 94 49
31 8430
37 74 55 5 69 81 34 94 19 14 28 27 66 72 90 97 55 13 98 81 30 81 82 70 25 63 21 43 96 41 49
79 6963
66 1 81 33 66 13 34 13 43 52 47 85 60 15 41 49 79 39 68 85 42 50 7 31 86 40 54 29 57 2 25 16 37 9 53 74 13 67 37 52 87 27 28 90 93 75 13 72 11 4 15 9 97 61 13 9 42 53 72 98 28 36 49 72 10 21 25 55 20 96 68 48 61 10 85 73 15 68 27
11 3056
83 19 49 76 82 86 46 0 59 48 12
5 4261
93 82 57 36 1
2 4821
51 54
24 2478
91 81 21 49 26 36 9 63 11 10 4 21 77 93 4 56 26 17 20 21 92 83 57 40
48 6568
55 40 35 55 67 67 76 54 38 21 32 47 32 85 4 17 9 30 42 65 78 26 60 18 78 1 17 75 48 55 67 93 37 44 55 35 55 42 6 57 1 28 72 10 68 21 48 26
4 5114
2 80 79 22
15 4013
2 42 7 50 63 87 86 40 17 2 84 62 83 3 69
48 8272
68 73 90 23 78 46 52 37 29 43 57 90 80 64 92 56 72 47 66 49 94 79 65 67 85 4 3 46 33 85 1 48 45 16 0 55 4 83 85 69 13 17 74 41 66 81 13 58
64 750
68 65 85 15 84 54 45 4 60 57 16 70 100 96 27 2 13 74 99 27 50 38 25 89 39 76 90 11 50 81 62 62 99 45 9 51 89 82 9 46 3 7 54 3 3 11 15 3 79 65 62 40 50 64 83 65 22 33 20 98 19 39 35 46
74 6277
80 37 54 54 78 71 15 70 15 50 54 100 37 6 3 26 50 36 83 83 67 75 97 86 84 71 83 69 65 77 94 74 11 23 96 88 40 77 15 76 2 30 68 16 77 1 16 77 61 100 94 62 16 60 60 56 3 9 50 5 14 45 23 81 5 97 15 88 16 20 79 28 1 53
39 2731
38 50 3 39 18 71 96 98 18 69 25 68 56 66 88 69 56 18 72 7 47 6 38 36 34 32 18 96 38 8 45 28 99 85 91 61 46 58 17
26 14
88 53 93 18 88 69 81 67 23 41 52 90 33 82 58 76 57 68 35 55 49 79 11 34 64 90
10 430
61 13 29 33 90 43 83 51 68 1
94 3082
78 38 88 25 88 29 60 2 51 44 79 93 70 96 2 18 45 49 99 57 3 39 22 3 27 71 85 65 62 48 97 84 71 79 55 10 8 100 2 58 67 80 99 7 92 43 14 44 76 50 37 93 49 7 48 52 26 45 66 54 98 29 27 59 51 36 94 78 41 21 68 85 17 64 34 0 61 70 27 62 16 36 43 42 14 76 32 20 48 70 91 45 10 8
86 6883
85 8 78 87 13 82 28 56 43 70 94 1 20 52 8 34 82 14 83 73 38 82 35 48 46 47 26 90 67 62 78 11 28 77 18 89 26 86 43 73 50 56 25 69 90 67 43 78 36 26 87 92 78 80 53 87 37 89 22 3 77 6 18 91 73 55 23 37 96 3 36 30 62 50 78 74 85 76 12 75 92 99 83 4 95 30
17 3323
13 31 0 98 18 32 42 6 1 30 38 83 1 66 22 0 54
99 6000
85 64 12 87 88 18 57 43 47 46 82 55 66 53 6 99 14 28 100 0 46 54 34 61 99 95 87 16 51 28 20 98 98 52 68 26 85 18 69 96 100 26 89 4 16 20 23 40 10 75 47 3 22 93 30 10 93 94 45 99 29 20 81 25 31 28 93 42 5 52 52 47 28 72 41 44 86 14 29 56 45 72 50 73 41 97 45 92 33 85 3 37 83 22 44 44 23 81 14
95 5134
46 66 88 92 84 91 23 58 84 53 50 54 41 72 60 55 60 36 85 82 71 58 11 22 21 12 32 86 68 72 37 70 32 81 95 65 70 4 54 11 31 37 58 29 73 67 30 72 20 24 90 88 97 87 6 40 76 67 52 40 75 89 50 61 72 60 74 89 40 4 23 68 84 19 26 64 10 65 22 29 11 45 37 87 8 89 66 73 46 0 48 79 98 89 27
33 8446
38 0 78 89 31 3 51 48 53 82 68 65 28 76 97 20 63 93 60 54 83 74 9 86 4 76 53 86 7 17 46 97 11
20 454
20 22 8 80 16 95 75 66 35 95 89 86 2 87 31 43 29 47 10 4
17 823
67 3 84 91 38 69 88 33 53 41 19 96 42 88 84 42 20
94 1635
83 98 91 92 37 20 45 100 5 92 34 41 8 54 36 56 98 48 61 71 23 5 78 63 24 62 27 74 62 89 96 88 71 15 25 17 45 69 19 17 65 57 17 89 27 15 58 19 6 76 40 58 54 48 3 35 99 25 62 77 31 39 44 73 11 90 53 84 76 54 23 16 57 21 63 53 85 34 38 34 16 42 4 62 64 72 7 22 25 54 18 72 3 52
69 4519
30 35 79 87 62 64 37 90 72 18 9 20 97 26 12 28 45 20 6 21 27 62 14 88 15 66 4 37 80 97 49 76 100 79 19 4 94 33 42 39 53 38 13 8 19 70 93 55 60 20 16 66 92 35 76 34 56 47 94 23 63 84 72 19 40 26 17 85 5
88 9069
31 58 90 80 65 99 9 51 36 32 61 21 78 15 9 24 17 51 4 17 30 19 5 39 12 95 93 94 32 39 31 53 81 10 84 37 85 60 1 97 59 28 89 30 90 100 37 23 78 61 13 74 49 58 27 94 7 39 63 90 100 64 11 21 63 100 99 59 43 18 1 37 6 14 96 80 51 28 6 27 59 66 52 99 18 26 16 46
52 2847
46 10 31 72 47 15 86 25 88 73 61 53 48 57 57 95 49 91 56 79 88 96 49 24 10 73 5 11 63 41 69 28 3 53 38 29 2 78 33 92 29 23 28 62 82 75 36 46 8 56 99 25
17 584
47 36 44 1 97 8 56 12 65 7 76 45 31 22 78 71 65
9 7833
82 99 70 83 50 83 95 0 28