264370
636991
72139
196186
29089
48841
14833
549942
103987
3024
76366
302928
1271555
89827
297393
157766
168637
17437
101230
37522
8521
465400
143653
233636
210417
462821
53322
158145
632364
231454
302295
11800
66870
253385
10329
768905
754570
113856
76344
5249
521686
582305
136171
830635
904770
116042
1319972
262
522190
295554
1542
2824
155840
665518
955805
464
542940
1292467
1923361
42267
778072
1005
20821
10623
149793
116688
185520
45412
27840
10626
38162
300592
73151
18873
69928
52862
262103
108094
27237
541021
18786
205468
2525337
98948
182656
77052
1221111
0
2085970
12713
1333044
154682
169233
251342
136256
33824
424802
1215
65370
1005