50
232
-1-1 -1 -1 -1 -1 -1 -1 -1 -1 -1 -1 -1 -1 -1 -1 -1 -1 4 -1 -1 -1 3 -1 7 -1 3 -1 -1 -1 -1 3 -1 -1 -1 7 -1 7 -1 -1 -1 -1 -1 -1 -1 -1 -1 2 -1 -1 -1 1 -1 -1 -1 -1 -1 -1 -1 -1 -1 3 -1 -1 -1 -1 -1 -1 -1 -1 -1 -1 -1 -1 -1 9 -1 -1 -1 9 4 -1 -1 4 -1 -1 -1 -1 -1 -1 -1 -1 6 -1 7 -1 -1 -1 -1 -1 -1 -1 6 -1 -1 -1 -1 -1 -1 -1 -1 -1 -1 -1 -1 -1 -1 -1 3 -1 -1 -1 -1 -1 -1 -1 -1 5 -1 -1 -1 -1 9 -1 -1 -1 -1 8 -1 -1 -1 4 -1 4 -1 -1 -1 -1 -1 -1 -1 -1 4 -1 -1 3 -1 -1 3 3 -1 -1 -1 6 -1 2 -1 -1 -1 -1 -1 -1 2 -1 -1 -1 -1 2 -1 -1 6 -1 1 -1 -1 4 -1 -1 -1 -1 3 -1 -1 -1 -1 10 -1 -1 -1 -1 8 -1 -1 -1 7 -1 -1 -1 -1 -1 -1 6 -1 -1 -1 -1 -1 -1 -1 -1 -1 -1 -1 -1 2 -1 -1 -1 -1 -1 -1 -1 
36
8-1 -1 -1 -1 -1 -1 -1 -1 -1 -1 -1 -1 10 -1 -1 -1 -1 -1 -1 -1 -1 -1 -1 -1 -1 -1 7 3 4 -1 -1 -1 -1 -1 -1 
735
7-1 -1 -1 -1 -1 -1 -1 -1 4 -1 9 -1 -1 -1 -1 10 -1 -1 -1 -1 -1 4 -1 9 -1 10 -1 -1 -1 -1 -1 9 -1 1 6 -1 -1 -1 -1 -1 -1 -1 -1 -1 8 -1 -1 -1 -1 -1 -1 -1 -1 -1 -1 -1 -1 -1 -1 -1 -1 -1 -1 -1 -1 -1 -1 -1 -1 -1 -1 -1 1 -1 -1 -1 -1 -1 -1 -1 7 -1 -1 -1 -1 -1 -1 -1 -1 -1 -1 -1 -1 -1 -1 -1 -1 -1 8 -1 -1 -1 -1 9 -1 -1 -1 -1 2 -1 -1 -1 -1 -1 -1 6 -1 -1 9 -1 -1 -1 -1 -1 -1 -1 -1 5 6 -1 -1 -1 -1 -1 4 -1 -1 -1 -1 -1 -1 -1 -1 -1 -1 7 -1 3 -1 -1 -1 -1 7 -1 -1 1 -1 -1 -1 -1 5 8 -1 -1 4 -1 6 -1 -1 -1 -1 -1 10 2 -1 -1 -1 5 -1 1 -1 5 -1 -1 -1 -1 -1 -1 -1 4 -1 1 7 -1 -1 -1 -1 -1 -1 -1 8 -1 -1 -1 -1 -1 -1 -1 -1 -1 -1 6 -1 -1 -1 -1 -1 -1 -1 7 -1 -1 -1 -1 -1 -1 5 -1 -1 -1 -1 -1 -1 -1 9 -1 -1 -1 -1 -1 -1 -1 -1 -1 -1 -1 -1 -1 -1 -1 3 -1 -1 -1 -1 2 -1 -1 5 -1 1 5 -1 -1 -1 -1 -1 -1 -1 4 -1 -1 9 -1 -1 -1 -1 -1 -1 4 -1 -1 4 -1 -1 -1 -1 -1 -1 9 -1 -1 -1 5 -1 -1 -1 -1 -1 -1 -1 -1 -1 -1 5 -1 -1 -1 -1 -1 3 -1 8 -1 -1 -1 -1 -1 -1 -1 -1 -1 -1 -1 -1 7 -1 10 6 1 -1 -1 -1 -1 -1 -1 -1 -1 4 -1 -1 -1 -1 -1 10 -1 -1 -1 -1 -1 -1 -1 -1 -1 -1 -1 -1 -1 -1 8 -1 -1 -1 -1 -1 -1 -1 -1 -1 -1 -1 -1 -1 -1 5 -1 -1 6 -1 -1 -1 4 -1 -1 -1 -1 9 7 -1 -1 -1 2 -1 -1 -1 9 3 -1 -1 6 9 -1 -1 -1 -1 3 -1 -1 10 9 -1 -1 -1 -1 5 -1 -1 -1 -1 -1 -1 -1 -1 -1 1 5 -1 -1 -1 -1 -1 -1 -1 -1 -1 10 -1 -1 -1 -1 -1 -1 -1 -1 -1 -1 -1 1 -1 2 -1 -1 -1 -1 -1 -1 6 4 -1 -1 -1 -1 -1 6 -1 8 -1 3 -1 3 -1 -1 -1 -1 -1 -1 5 -1 -1 -1 -1 -1 -1 -1 -1 6 -1 -1 3 -1 -1 -1 -1 -1 -1 -1 -1 -1 -1 -1 -1 -1 10 7 3 -1 -1 -1 -1 7 -1 1 -1 -1 -1 -1 -1 -1 -1 -1 -1 -1 -1 -1 -1 -1 -1 -1 -1 -1 -1 -1 -1 -1 -1 -1 -1 -1 -1 8 -1 -1 -1 -1 -1 4 -1 -1 -1 -1 9 -1 -1 -1 2 -1 -1 -1 -1 -1 -1 -1 -1 -1 -1 6 -1 -1 -1 -1 -1 -1 -1 -1 -1 -1 -1 -1 6 -1 -1 2 -1 -1 -1 -1 -1 -1 -1 -1 -1 -1 -1 -1 -1 -1 1 -1 -1 -1 -1 -1 7 7 -1 -1 -1 -1 -1 -1 -1 -1 -1 9 -1 -1 -1 -1 -1 -1 -1 4 -1 -1 -1 -1 -1 -1 -1 -1 8 -1 -1 -1 -1 -1 1 -1 -1 8 -1 -1 -1 -1 -1 -1 5 -1 -1 -1 -1 -1 -1 -1 -1 -1 -1 7 -1 -1 -1 9 -1 -1 -1 -1 -1 -1 -1 -1 2 -1 -1 -1 -1 -1 -1 -1 -1 -1 -1 -1 -1 -1 -1 -1 -1 5 -1 -1 -1 1 -1 -1 -1 3 -1 -1 -1 -1 -1 -1 -1 -1 -1 -1 -1 -1 -1 -1 -1 -1 -1 -1 -1 -1 -1 -1 -1 -1 -1 -1 -1 -1 3 -1 -1 -1 10 -1 -1 -1 -1 8 
559
-1-1 -1 -1 -1 -1 -1 1 -1 -1 -1 -1 -1 4 -1 -1 -1 -1 -1 -1 -1 -1 -1 -1 -1 -1 -1 -1 -1 -1 -1 -1 9 -1 -1 -1 -1 -1 -1 -1 -1 -1 -1 -1 -1 8 -1 -1 -1 -1 6 4 3 -1 -1 -1 -1 -1 -1 -1 -1 -1 -1 -1 -1 5 -1 -1 -1 -1 -1 -1 2 -1 -1 -1 -1 -1 -1 -1 -1 -1 -1 4 -1 -1 -1 -1 -1 -1 -1 -1 4 -1 -1 3 -1 -1 -1 6 -1 -1 -1 -1 -1 3 -1 -1 -1 -1 -1 7 -1 -1 8 -1 -1 -1 -1 -1 -1 -1 9 -1 -1 -1 -1 -1 -1 -1 -1 4 -1 -1 -1 2 -1 -1 -1 -1 -1 -1 -1 -1 -1 -1 -1 -1 9 -1 -1 -1 5 2 -1 -1 -1 -1 -1 -1 -1 -1 -1 -1 6 -1 -1 -1 -1 -1 -1 -1 -1 -1 -1 9 6 -1 -1 -1 -1 -1 -1 -1 -1 -1 -1 -1 -1 -1 -1 10 -1 -1 -1 -1 -1 -1 -1 -1 -1 -1 -1 -1 -1 -1 -1 -1 -1 -1 -1 -1 6 5 10 -1 -1 -1 -1 -1 -1 -1 -1 -1 -1 -1 -1 -1 -1 -1 -1 7 -1 -1 -1 -1 -1 1 -1 -1 -1 4 1 -1 -1 -1 -1 -1 -1 -1 -1 -1 -1 -1 2 -1 -1 -1 -1 6 -1 -1 -1 -1 -1 -1 -1 -1 -1 -1 2 5 -1 3 -1 -1 -1 -1 3 7 -1 -1 -1 -1 -1 -1 -1 6 8 -1 -1 -1 8 -1 -1 -1 -1 -1 -1 -1 -1 9 -1 -1 -1 -1 -1 -1 -1 5 -1 -1 -1 -1 -1 -1 -1 -1 -1 -1 -1 -1 -1 -1 -1 -1 -1 -1 1 -1 -1 -1 -1 -1 -1 -1 -1 -1 -1 -1 -1 -1 -1 -1 -1 -1 -1 -1 -1 -1 -1 -1 -1 8 4 -1 -1 -1 -1 -1 -1 -1 3 -1 -1 -1 -1 7 -1 -1 -1 -1 -1 10 7 -1 -1 -1 -1 -1 -1 -1 -1 5 9 -1 -1 -1 -1 1 10 -1 -1 -1 -1 -1 -1 9 -1 -1 4 -1 -1 -1 6 -1 -1 -1 -1 -1 -1 -1 1 10 -1 -1 -1 3 -1 -1 -1 -1 -1 -1 1 -1 9 -1 -1 -1 9 -1 -1 -1 -1 -1 -1 -1 -1 -1 -1 6 -1 -1 -1 -1 -1 -1 -1 -1 -1 -1 9 -1 -1 -1 -1 -1 -1 -1 9 -1 -1 -1 -1 -1 -1 10 -1 -1 4 -1 9 -1 -1 -1 -1 1 -1 -1 -1 -1 -1 -1 -1 1 -1 -1 -1 -1 6 -1 3 3 -1 -1 -1 -1 -1 -1 -1 -1 -1 -1 -1 -1 -1 -1 -1 2 -1 -1 -1 6 -1 -1 -1 -1 -1 -1 -1 -1 -1 -1 -1 -1 2 -1 -1 -1 -1 -1 9 -1 -1 -1 -1 -1 -1 -1 -1 -1 9 5 -1 -1 -1 8 -1 -1 -1 -1 -1 7 -1 -1 9 -1 -1 
966
-1-1 5 -1 -1 6 -1 -1 -1 5 3 -1 3 -1 -1 -1 -1 -1 -1 4 -1 -1 -1 -1 -1 -1 -1 8 2 -1 -1 -1 -1 -1 -1 8 9 -1 -1 -1 -1 -1 -1 -1 -1 -1 -1 -1 -1 -1 -1 -1 -1 6 -1 -1 10 -1 -1 -1 -1 -1 -1 -1 -1 3 -1 -1 -1 -1 -1 -1 10 -1 -1 -1 -1 -1 -1 -1 -1 -1 -1 -1 -1 -1 -1 -1 -1 -1 -1 -1 7 -1 -1 8 -1 -1 -1 -1 -1 -1 10 -1 -1 -1 -1 -1 -1 -1 3 -1 6 9 -1 -1 -1 -1 10 -1 -1 -1 -1 -1 -1 4 -1 -1 -1 -1 -1 -1 -1 -1 -1 -1 -1 -1 -1 5 -1 -1 -1 -1 -1 -1 -1 8 -1 -1 -1 -1 -1 -1 -1 -1 -1 8 -1 -1 -1 -1 -1 -1 -1 -1 -1 2 -1 -1 -1 -1 -1 -1 -1 -1 -1 -1 -1 10 -1 -1 10 4 -1 -1 -1 -1 -1 -1 -1 -1 -1 -1 -1 -1 -1 -1 -1 8 -1 -1 -1 -1 -1 -1 -1 -1 -1 -1 -1 -1 -1 -1 -1 -1 -1 -1 -1 -1 -1 -1 -1 -1 10 8 -1 -1 -1 -1 -1 -1 -1 -1 10 -1 9 -1 -1 -1 5 2 -1 -1 -1 -1 -1 -1 -1 -1 -1 -1 -1 -1 -1 -1 -1 -1 -1 9 -1 6 -1 -1 -1 -1 -1 -1 -1 -1 8 -1 -1 -1 -1 -1 -1 -1 -1 -1 -1 -1 -1 5 -1 -1 10 -1 -1 5 -1 -1 6 -1 -1 -1 -1 -1 -1 -1 -1 -1 -1 10 -1 -1 -1 -1 -1 -1 -1 -1 -1 -1 -1 -1 -1 -1 -1 -1 -1 -1 -1 -1 -1 -1 -1 -1 7 -1 -1 -1 -1 -1 -1 -1 -1 -1 7 -1 8 10 -1 -1 -1 -1 -1 -1 -1 -1 2 -1 -1 -1 -1 -1 -1 -1 -1 1 3 -1 -1 -1 -1 -1 -1 -1 -1 -1 -1 1 -1 -1 -1 10 -1 -1 10 -1 -1 7 -1 -1 -1 -1 -1 -1 -1 -1 -1 -1 -1 -1 -1 -1 -1 5 8 -1 -1 -1 -1 -1 -1 -1 -1 -1 -1 -1 -1 6 2 -1 -1 -1 6 -1 -1 7 -1 -1 2 -1 -1 -1 -1 -1 -1 8 -1 -1 -1 -1 -1 -1 9 -1 -1 -1 9 -1 6 -1 -1 -1 -1 -1 5 -1 -1 -1 -1 -1 9 -1 -1 5 -1 -1 -1 -1 -1 -1 -1 -1 -1 8 -1 -1 -1 -1 -1 -1 -1 9 -1 -1 -1 -1 -1 -1 -1 -1 -1 8 -1 -1 -1 -1 8 -1 -1 -1 10 -1 -1 -1 -1 -1 -1 3 3 -1 -1 -1 -1 -1 -1 -1 4 -1 -1 -1 -1 -1 -1 -1 -1 -1 -1 -1 -1 6 -1 10 -1 -1 10 8 -1 -1 -1 -1 5 4 -1 -1 -1 -1 -1 -1 -1 -1 4 -1 -1 -1 -1 -1 -1 -1 2 -1 -1 -1 -1 -1 -1 -1 -1 -1 -1 -1 -1 -1 -1 9 -1 -1 -1 -1 -1 7 -1 -1 -1 -1 -1 -1 -1 -1 -1 -1 -1 -1 -1 -1 -1 -1 -1 -1 -1 -1 -1 -1 -1 2 -1 -1 -1 -1 -1 -1 3 -1 -1 -1 -1 -1 -1 -1 2 -1 -1 -1 -1 -1 -1 -1 -1 -1 -1 -1 -1 -1 -1 -1 -1 -1 -1 5 -1 -1 -1 -1 5 -1 -1 -1 2 6 -1 -1 -1 -1 -1 -1 5 -1 -1 -1 -1 -1 -1 -1 10 -1 -1 -1 -1 -1 -1 -1 -1 4 -1 -1 5 4 -1 -1 -1 -1 -1 -1 -1 5 -1 -1 -1 -1 7 -1 1 -1 -1 -1 -1 -1 -1 4 -1 -1 -1 -1 -1 -1 -1 -1 -1 9 -1 -1 -1 -1 -1 -1 -1 -1 -1 -1 4 -1 -1 -1 -1 10 -1 -1 5 -1 -1 -1 -1 -1 -1 -1 -1 2 -1 -1 -1 -1 -1 -1 -1 -1 -1 -1 -1 -1 -1 -1 -1 -1 -1 -1 -1 -1 -1 -1 -1 -1 -1 8 -1 -1 -1 -1 -1 -1 -1 -1 4 -1 -1 2 -1 -1 2 -1 -1 -1 -1 -1 -1 -1 -1 9 -1 -1 6 2 -1 -1 -1 -1 -1 1 -1 -1 6 -1 -1 -1 -1 -1 -1 -1 -1 -1 -1 -1 8 -1 -1 -1 -1 7 9 5 7 -1 -1 1 -1 -1 -1 -1 -1 -1 -1 7 -1 -1 -1 -1 -1 9 -1 -1 -1 -1 -1 -1 -1 -1 -1 -1 9 -1 5 -1 -1 -1 8 -1 -1 -1 -1 -1 -1 -1 -1 1 4 9 2 6 -1 -1 -1 -1 6 -1 -1 -1 -1 -1 10 10 -1 -1 -1 -1 -1 -1 -1 8 -1 -1 -1 3 -1 -1 9 2 -1 -1 9 7 -1 -1 -1 -1 -1 -1 -1 -1 -1 -1 -1 -1 -1 -1 -1 -1 3 9 8 -1 -1 -1 -1 -1 -1 -1 -1 -1 -1 2 -1 -1 4 -1 -1 -1 -1 -1 -1 -1 -1 -1 -1 -1 -1 -1 -1 -1 -1 3 7 -1 -1 -1 -1 -1 -1 -1 3 -1 -1 8 8 -1 -1 -1 3 -1 -1 -1 -1 -1 -1 -1 
790
-15 -1 -1 -1 -1 2 -1 -1 -1 -1 -1 -1 -1 -1 -1 -1 -1 -1 3 -1 -1 -1 -1 -1 2 -1 -1 -1 -1 -1 -1 1 -1 -1 -1 -1 6 -1 -1 -1 -1 -1 -1 -1 -1 -1 -1 -1 -1 -1 -1 -1 -1 -1 -1 -1 -1 -1 1 -1 -1 -1 -1 -1 -1 -1 -1 -1 -1 10 -1 -1 9 -1 -1 -1 2 -1 -1 -1 -1 10 -1 1 -1 -1 -1 4 -1 -1 -1 -1 -1 -1 -1 -1 -1 -1 -1 -1 -1 8 -1 -1 -1 -1 -1 -1 -1 -1 -1 -1 -1 -1 -1 -1 -1 -1 -1 -1 5 -1 -1 -1 -1 -1 -1 -1 -1 -1 5 -1 -1 -1 -1 -1 -1 -1 -1 -1 -1 -1 -1 -1 -1 -1 -1 -1 -1 -1 -1 6 -1 -1 -1 10 4 -1 -1 -1 -1 -1 -1 9 8 -1 -1 -1 -1 -1 -1 -1 -1 -1 6 -1 -1 -1 -1 -1 -1 -1 -1 -1 -1 2 -1 5 -1 -1 -1 -1 -1 4 7 -1 -1 -1 5 -1 -1 4 -1 -1 -1 -1 -1 3 -1 -1 -1 -1 4 -1 -1 -1 -1 -1 -1 1 -1 -1 -1 -1 8 -1 -1 -1 -1 -1 -1 8 -1 -1 10 -1 -1 -1 -1 -1 -1 -1 -1 -1 -1 -1 -1 7 -1 -1 -1 -1 -1 2 -1 -1 -1 -1 -1 -1 -1 -1 -1 -1 -1 -1 -1 -1 1 -1 -1 9 -1 -1 -1 -1 -1 -1 -1 -1 3 -1 -1 -1 -1 -1 9 -1 10 -1 -1 -1 -1 -1 -1 -1 -1 -1 -1 1 -1 -1 5 -1 -1 -1 -1 -1 -1 -1 -1 1 -1 -1 -1 -1 6 -1 -1 -1 8 -1 -1 -1 7 -1 -1 -1 -1 -1 -1 -1 -1 -1 -1 -1 -1 -1 5 -1 -1 -1 -1 -1 10 -1 -1 1 -1 -1 -1 -1 -1 -1 -1 -1 -1 -1 -1 -1 2 -1 -1 -1 10 10 5 3 -1 -1 -1 -1 -1 6 -1 -1 -1 -1 1 -1 -1 -1 7 -1 -1 -1 -1 -1 -1 -1 -1 -1 -1 -1 -1 -1 -1 -1 -1 -1 -1 -1 -1 -1 -1 -1 9 -1 -1 10 -1 -1 -1 -1 -1 -1 -1 -1 -1 -1 -1 10 -1 10 -1 -1 -1 -1 -1 -1 -1 -1 -1 -1 -1 -1 -1 -1 -1 -1 -1 -1 -1 -1 -1 -1 -1 2 -1 -1 1 -1 -1 -1 -1 -1 -1 -1 -1 1 -1 -1 -1 -1 -1 -1 -1 -1 -1 -1 -1 -1 -1 -1 -1 -1 2 -1 -1 -1 -1 -1 10 -1 -1 -1 -1 -1 -1 5 -1 7 -1 -1 -1 3 -1 -1 -1 -1 -1 -1 -1 7 -1 -1 -1 -1 -1 -1 -1 -1 -1 -1 -1 -1 -1 -1 -1 -1 -1 -1 -1 -1 -1 -1 -1 -1 -1 -1 8 -1 -1 -1 -1 -1 -1 -1 7 -1 5 -1 -1 -1 -1 -1 -1 -1 -1 -1 8 -1 -1 7 -1 -1 -1 7 10 -1 -1 -1 -1 -1 -1 5 -1 -1 -1 -1 2 -1 -1 4 -1 3 -1 6 -1 4 -1 -1 -1 -1 -1 10 -1 -1 -1 10 9 -1 -1 -1 1 -1 -1 -1 -1 -1 -1 -1 -1 -1 -1 -1 -1 -1 -1 5 -1 -1 -1 -1 -1 -1 -1 -1 -1 5 -1 -1 -1 -1 2 -1 9 -1 -1 -1 -1 2 -1 -1 5 -1 -1 -1 -1 -1 -1 -1 -1 -1 -1 -1 -1 -1 -1 -1 -1 -1 -1 -1 10 -1 -1 -1 -1 1 -1 7 6 -1 2 -1 -1 -1 -1 -1 -1 -1 -1 -1 -1 -1 -1 -1 -1 9 4 4 -1 -1 3 6 6 -1 -1 -1 8 -1 -1 -1 -1 -1 1 -1 -1 -1 -1 -1 -1 -1 -1 -1 -1 3 -1 -1 -1 2 -1 -1 -1 -1 2 -1 -1 -1 -1 5 3 -1 3 -1 -1 -1 -1 -1 -1 -1 -1 -1 -1 2 -1 -1 -1 -1 -1 -1 -1 -1 6 -1 -1 -1 7 -1 -1 -1 -1 -1 -1 -1 -1 -1 -1 -1 -1 6 -1 -1 -1 -1 -1 -1 -1 -1 -1 -1 -1 -1 4 1 -1 10 -1 -1 -1 8 -1 -1 -1 -1 -1 -1 -1 
919
-1-1 -1 -1 -1 -1 -1 -1 7 3 -1 -1 -1 -1 -1 -1 -1 -1 9 -1 -1 -1 -1 -1 -1 -1 -1 3 4 -1 -1 -1 -1 -1 -1 -1 -1 -1 -1 -1 -1 -1 -1 -1 -1 -1 -1 -1 -1 -1 6 -1 -1 6 -1 -1 -1 -1 -1 -1 -1 -1 -1 2 -1 -1 -1 -1 -1 -1 -1 2 -1 -1 -1 -1 -1 -1 -1 -1 -1 -1 -1 -1 10 -1 -1 -1 -1 -1 -1 -1 -1 -1 -1 -1 -1 -1 -1 5 -1 -1 -1 -1 -1 -1 -1 -1 10 -1 -1 -1 -1 -1 -1 -1 -1 -1 8 -1 -1 7 -1 -1 -1 -1 -1 -1 -1 8 -1 -1 1 -1 -1 -1 -1 -1 -1 -1 -1 -1 -1 -1 -1 -1 -1 -1 -1 7 1 -1 6 -1 -1 7 5 -1 -1 -1 2 -1 -1 -1 -1 -1 -1 7 -1 -1 -1 -1 9 -1 -1 -1 -1 -1 -1 -1 -1 10 -1 -1 -1 -1 -1 -1 7 -1 5 -1 -1 -1 -1 -1 -1 -1 -1 -1 -1 -1 -1 -1 -1 -1 -1 -1 -1 -1 -1 -1 -1 -1 -1 -1 9 -1 -1 -1 -1 -1 -1 -1 -1 -1 -1 -1 -1 -1 -1 -1 -1 -1 2 -1 -1 8 -1 -1 -1 9 -1 -1 4 -1 -1 -1 -1 -1 -1 -1 -1 6 -1 -1 -1 -1 -1 7 -1 -1 -1 -1 -1 -1 -1 10 -1 -1 -1 -1 -1 -1 -1 -1 -1 2 -1 -1 -1 -1 -1 -1 -1 -1 -1 5 -1 -1 -1 -1 -1 10 -1 9 -1 -1 -1 -1 -1 4 -1 -1 -1 -1 -1 -1 2 -1 -1 -1 -1 10 -1 -1 -1 -1 -1 1 -1 -1 6 8 -1 -1 -1 6 -1 4 -1 -1 -1 -1 -1 2 -1 -1 -1 -1 1 2 4 -1 -1 -1 -1 -1 -1 -1 -1 -1 -1 6 1 -1 -1 -1 -1 3 -1 -1 -1 -1 -1 -1 -1 -1 -1 4 -1 -1 -1 -1 -1 -1 -1 -1 -1 10 -1 -1 -1 8 -1 -1 -1 -1 -1 -1 -1 -1 -1 -1 9 -1 -1 -1 -1 -1 -1 -1 -1 -1 9 -1 -1 -1 -1 -1 2 -1 -1 1 -1 -1 -1 3 -1 8 5 -1 -1 -1 -1 -1 7 -1 -1 -1 -1 -1 -1 9 -1 10 7 -1 -1 6 1 4 -1 -1 -1 -1 3 -1 -1 -1 -1 -1 10 -1 -1 8 -1 -1 -1 -1 -1 -1 -1 -1 9 -1 -1 -1 -1 -1 -1 9 1 -1 -1 -1 -1 -1 -1 -1 -1 1 -1 7 -1 -1 -1 -1 2 -1 -1 -1 -1 -1 9 -1 -1 -1 -1 -1 -1 7 -1 -1 -1 -1 -1 -1 -1 -1 -1 9 -1 3 4 -1 -1 -1 -1 -1 -1 -1 5 -1 -1 -1 -1 1 -1 -1 -1 -1 -1 -1 -1 -1 8 -1 -1 -1 -1 -1 -1 6 -1 5 -1 -1 -1 4 7 -1 -1 -1 1 6 7 -1 -1 -1 -1 -1 4 4 -1 -1 -1 7 -1 -1 -1 8 -1 -1 -1 -1 -1 1 -1 -1 -1 1 -1 -1 -1 -1 -1 -1 -1 -1 -1 10 -1 6 -1 -1 -1 -1 -1 -1 -1 -1 -1 7 7 -1 -1 -1 -1 -1 -1 -1 -1 -1 -1 -1 -1 -1 -1 -1 -1 -1 -1 -1 -1 -1 -1 2 2 -1 -1 -1 -1 -1 7 -1 -1 -1 -1 -1 -1 -1 -1 -1 -1 -1 7 -1 3 -1 -1 -1 -1 7 -1 -1 8 7 -1 -1 -1 -1 -1 -1 -1 -1 -1 -1 2 -1 -1 -1 9 -1 -1 -1 -1 -1 -1 -1 -1 -1 -1 -1 -1 -1 -1 -1 -1 6 -1 -1 -1 7 -1 -1 -1 -1 -1 -1 -1 -1 -1 -1 -1 -1 -1 -1 -1 -1 -1 4 -1 10 -1 1 -1 -1 -1 -1 -1 -1 8 9 -1 -1 -1 -1 -1 -1 -1 6 -1 -1 3 -1 -1 2 -1 -1 -1 -1 -1 -1 -1 -1 -1 -1 -1 -1 -1 6 -1 5 -1 -1 4 3 -1 2 -1 -1 -1 -1 -1 -1 -1 -1 -1 -1 -1 -1 -1 -1 -1 -1 1 -1 -1 -1 -1 -1 -1 -1 -1 -1 10 -1 -1 -1 -1 9 2 -1 -1 -1 4 -1 -1 -1 -1 -1 -1 -1 -1 -1 -1 2 -1 -1 -1 -1 -1 -1 -1 -1 6 -1 -1 -1 -1 -1 -1 -1 -1 -1 -1 -1 -1 -1 -1 -1 -1 -1 -1 -1 6 -1 -1 -1 5 -1 -1 -1 -1 6 -1 -1 -1 9 -1 -1 5 -1 -1 -1 10 -1 -1 -1 -1 -1 -1 -1 -1 -1 -1 9 -1 -1 8 -1 -1 -1 -1 -1 8 -1 -1 -1 -1 -1 -1 -1 -1 -1 -1 -1 -1 -1 -1 -1 -1 -1 -1 -1 -1 -1 -1 -1 -1 -1 -1 -1 1 -1 -1 -1 -1 -1 3 -1 -1 -1 -1 -1 -1 -1 -1 
242
-1-1 -1 -1 -1 2 -1 -1 -1 -1 -1 -1 -1 6 -1 -1 -1 -1 -1 -1 -1 -1 -1 -1 9 -1 -1 10 -1 -1 -1 -1 -1 -1 6 -1 -1 -1 -1 -1 -1 3 -1 -1 -1 3 -1 -1 -1 -1 -1 -1 -1 -1 -1 -1 4 -1 -1 -1 -1 -1 -1 -1 8 -1 -1 -1 -1 7 -1 6 4 -1 -1 -1 -1 -1 -1 -1 -1 5 9 -1 -1 -1 -1 -1 -1 -1 4 -1 -1 -1 -1 -1 -1 -1 8 8 -1 -1 -1 -1 -1 -1 9 -1 5 -1 5 -1 -1 -1 -1 -1 -1 3 -1 9 -1 -1 -1 -1 7 -1 9 -1 -1 -1 -1 -1 -1 -1 -1 -1 -1 -1 -1 -1 -1 -1 -1 -1 -1 -1 -1 -1 -1 -1 -1 -1 -1 -1 -1 -1 -1 -1 -1 -1 -1 2 -1 -1 8 -1 -1 -1 -1 3 -1 -1 2 -1 -1 -1 -1 -1 -1 -1 -1 -1 -1 -1 -1 -1 10 -1 -1 -1 -1 -1 -1 -1 -1 -1 -1 -1 -1 -1 -1 -1 -1 2 -1 3 4 -1 -1 7 -1 10 -1 -1 -1 -1 10 -1 -1 -1 8 -1 -1 -1 4 -1 6 -1 -1 -1 -1 -1 -1 6 -1 -1 -1 -1 -1 -1 -1 -1 
251
92 -1 -1 2 -1 -1 7 -1 -1 -1 -1 -1 5 -1 1 9 -1 -1 -1 -1 -1 8 -1 -1 -1 -1 -1 -1 -1 -1 -1 -1 -1 -1 -1 5 -1 -1 -1 -1 10 -1 -1 -1 4 5 -1 -1 -1 -1 -1 1 -1 -1 -1 -1 -1 8 -1 6 -1 8 -1 -1 -1 -1 -1 -1 -1 -1 -1 -1 -1 -1 -1 -1 -1 5 -1 -1 -1 -1 -1 -1 8 -1 -1 -1 -1 -1 -1 -1 -1 1 -1 -1 -1 -1 -1 -1 -1 8 -1 1 -1 -1 -1 1 -1 1 -1 -1 7 -1 -1 -1 -1 -1 -1 -1 -1 3 -1 -1 -1 1 1 -1 -1 8 10 -1 -1 -1 9 -1 3 -1 -1 -1 1 -1 -1 9 -1 -1 -1 -1 -1 -1 -1 -1 -1 -1 -1 -1 -1 -1 5 -1 -1 -1 -1 -1 -1 -1 10 4 -1 -1 -1 -1 -1 -1 -1 3 -1 -1 -1 -1 -1 -1 9 -1 -1 8 -1 -1 -1 -1 8 8 -1 8 -1 4 -1 -1 -1 -1 -1 1 -1 9 -1 -1 -1 -1 -1 -1 -1 -1 -1 -1 -1 -1 -1 -1 -1 1 -1 -1 -1 1 7 -1 -1 -1 2 -1 -1 -1 7 -1 -1 -1 -1 -1 -1 10 -1 -1 -1 9 -1 -1 -1 -1 -1 -1 
727
-1-1 -1 -1 2 -1 -1 -1 -1 -1 -1 -1 2 -1 2 -1 -1 9 -1 -1 -1 -1 -1 9 -1 -1 -1 -1 -1 10 -1 -1 -1 -1 -1 -1 -1 -1 -1 -1 -1 -1 -1 -1 -1 -1 6 -1 -1 -1 -1 -1 -1 7 -1 -1 -1 -1 -1 -1 -1 -1 -1 -1 -1 -1 9 -1 -1 -1 -1 1 -1 8 9 8 -1 -1 7 4 -1 -1 -1 -1 -1 5 -1 -1 -1 -1 -1 -1 4 -1 2 -1 -1 10 -1 -1 -1 -1 -1 -1 -1 -1 -1 -1 -1 -1 8 -1 -1 -1 -1 -1 -1 -1 10 -1 -1 9 -1 -1 -1 -1 -1 -1 -1 -1 -1 -1 -1 -1 -1 -1 -1 -1 -1 -1 -1 -1 -1 -1 -1 -1 -1 -1 -1 -1 -1 -1 -1 5 10 -1 -1 -1 -1 -1 -1 -1 -1 -1 9 4 -1 -1 -1 -1 2 -1 -1 -1 -1 -1 4 -1 -1 8 -1 -1 -1 -1 -1 -1 -1 1 -1 -1 6 -1 -1 -1 -1 -1 7 -1 -1 -1 -1 -1 -1 -1 4 -1 -1 8 -1 -1 -1 -1 -1 1 6 -1 -1 -1 -1 -1 -1 -1 -1 -1 -1 6 -1 -1 -1 8 -1 -1 5 -1 10 -1 -1 -1 6 -1 -1 -1 -1 -1 -1 -1 -1 1 -1 -1 -1 -1 9 -1 -1 -1 -1 -1 -1 -1 -1 -1 -1 -1 -1 -1 9 -1 -1 -1 -1 -1 -1 -1 -1 -1 -1 -1 -1 -1 -1 -1 -1 9 5 -1 7 -1 -1 -1 -1 -1 -1 -1 -1 -1 -1 -1 -1 -1 -1 -1 -1 7 -1 -1 10 3 -1 -1 8 10 9 -1 -1 -1 -1 -1 -1 -1 -1 -1 -1 -1 -1 -1 -1 -1 -1 -1 5 8 2 -1 -1 -1 9 -1 -1 -1 -1 -1 -1 -1 -1 -1 -1 -1 -1 -1 -1 -1 -1 -1 -1 -1 -1 -1 -1 -1 3 -1 -1 -1 -1 -1 -1 -1 -1 9 5 4 -1 -1 -1 -1 8 3 -1 -1 -1 -1 -1 -1 -1 -1 -1 -1 -1 3 -1 -1 -1 -1 1 -1 -1 2 -1 -1 -1 -1 -1 -1 -1 -1 -1 -1 -1 -1 -1 -1 -1 -1 10 -1 -1 -1 -1 10 -1 -1 -1 -1 2 -1 -1 -1 -1 -1 -1 -1 -1 -1 -1 -1 -1 5 -1 -1 -1 -1 -1 -1 -1 -1 -1 -1 7 -1 -1 -1 -1 4 -1 -1 -1 -1 -1 -1 3 3 -1 -1 -1 3 6 -1 -1 -1 -1 -1 -1 -1 -1 -1 -1 -1 -1 -1 -1 -1 -1 -1 -1 -1 -1 -1 -1 -1 7 -1 -1 -1 -1 -1 -1 7 -1 -1 -1 -1 -1 -1 7 -1 -1 -1 -1 7 -1 -1 -1 5 -1 -1 -1 -1 -1 -1 -1 3 -1 -1 -1 -1 -1 -1 -1 -1 -1 -1 -1 5 -1 -1 -1 -1 -1 -1 -1 5 -1 -1 1 -1 -1 -1 -1 -1 -1 -1 -1 -1 -1 -1 -1 -1 -1 -1 -1 -1 -1 -1 -1 3 -1 -1 7 -1 -1 -1 -1 8 -1 9 7 -1 -1 -1 1 2 -1 6 3 -1 -1 -1 -1 -1 -1 -1 -1 -1 1 8 -1 -1 -1 -1 -1 1 -1 -1 -1 -1 -1 -1 -1 10 9 -1 6 -1 -1 -1 -1 3 9 -1 -1 -1 -1 -1 5 -1 3 10 -1 -1 -1 1 -1 -1 -1 -1 -1 -1 -1 -1 -1 -1 -1 -1 -1 9 -1 10 -1 -1 -1 -1 -1 -1 -1 -1 -1 -1 -1 -1 -1 -1 1 -1 -1 -1 -1 3 -1 -1 -1 -1 -1 -1 -1 -1 -1 -1 -1 -1 -1 -1 -1 9 -1 9 7 -1 -1 -1 -1 -1 -1 -1 10 -1 -1 -1 -1 -1 -1 -1 -1 -1 -1 -1 -1 -1 -1 5 -1 -1 -1 -1 -1 -1 -1 -1 -1 -1 -1 -1 -1 -1 -1 -1 -1 
895
-1-1 -1 -1 -1 -1 -1 -1 -1 -1 -1 -1 9 -1 -1 -1 -1 1 -1 -1 -1 -1 -1 -1 -1 -1 5 -1 -1 -1 -1 -1 -1 -1 -1 -1 -1 -1 10 3 -1 -1 -1 -1 9 -1 1 -1 -1 9 -1 -1 -1 7 -1 -1 -1 -1 -1 -1 -1 -1 -1 -1 1 -1 -1 -1 -1 -1 -1 -1 -1 -1 -1 3 -1 -1 -1 -1 2 -1 -1 -1 -1 -1 -1 -1 4 -1 -1 -1 -1 -1 9 -1 -1 -1 -1 -1 -1 -1 -1 -1 -1 10 2 -1 -1 -1 -1 6 -1 -1 1 2 -1 -1 -1 -1 -1 -1 7 -1 -1 -1 -1 -1 -1 -1 -1 -1 -1 -1 9 -1 -1 -1 -1 -1 -1 4 -1 -1 -1 -1 -1 -1 -1 -1 -1 -1 -1 -1 -1 -1 -1 -1 -1 -1 -1 -1 -1 -1 -1 -1 -1 4 -1 8 -1 -1 -1 -1 8 -1 -1 -1 -1 -1 8 -1 -1 -1 -1 -1 -1 -1 -1 -1 -1 8 -1 -1 -1 -1 -1 -1 -1 -1 -1 -1 10 -1 -1 -1 -1 -1 -1 -1 -1 -1 -1 -1 -1 9 -1 -1 -1 -1 -1 -1 -1 -1 -1 -1 -1 -1 -1 -1 -1 -1 -1 -1 8 7 -1 -1 -1 -1 -1 4 -1 -1 -1 -1 -1 -1 -1 -1 -1 -1 1 -1 -1 9 -1 -1 -1 -1 -1 -1 -1 -1 -1 10 -1 -1 -1 -1 -1 -1 -1 -1 -1 -1 -1 -1 -1 4 -1 -1 -1 -1 -1 -1 -1 7 -1 -1 6 -1 -1 -1 -1 -1 -1 -1 1 -1 9 2 -1 8 -1 -1 -1 -1 -1 -1 -1 -1 -1 -1 -1 -1 -1 -1 -1 5 -1 9 7 -1 4 -1 -1 -1 -1 10 -1 -1 -1 -1 6 -1 -1 -1 -1 -1 -1 -1 -1 5 -1 -1 -1 -1 -1 -1 -1 -1 10 -1 5 4 -1 -1 -1 -1 -1 -1 -1 -1 -1 -1 6 3 -1 -1 -1 8 -1 -1 -1 -1 -1 3 -1 -1 6 -1 -1 -1 -1 -1 -1 -1 -1 -1 -1 -1 -1 -1 -1 -1 9 -1 -1 -1 -1 -1 8 -1 -1 -1 -1 -1 -1 9 -1 -1 -1 -1 -1 -1 -1 -1 -1 -1 -1 6 -1 -1 -1 -1 5 3 -1 -1 -1 -1 1 -1 -1 4 -1 -1 -1 -1 -1 4 -1 2 -1 -1 -1 -1 -1 -1 -1 2 -1 -1 -1 -1 -1 3 -1 4 -1 -1 -1 -1 -1 -1 -1 -1 -1 -1 6 -1 -1 6 -1 -1 -1 -1 -1 8 -1 -1 -1 1 -1 -1 9 -1 -1 2 -1 7 9 3 -1 -1 -1 -1 -1 -1 -1 -1 -1 -1 -1 2 9 -1 -1 4 -1 -1 -1 -1 -1 5 -1 -1 -1 -1 -1 -1 -1 -1 -1 -1 -1 -1 -1 -1 -1 -1 -1 -1 -1 -1 -1 -1 -1 -1 -1 -1 -1 -1 -1 -1 -1 -1 -1 -1 -1 -1 -1 -1 -1 -1 -1 1 -1 -1 4 -1 -1 -1 6 -1 -1 -1 -1 5 -1 -1 -1 -1 -1 -1 -1 -1 -1 -1 -1 -1 -1 -1 -1 -1 -1 -1 -1 -1 -1 -1 -1 -1 -1 2 2 2 -1 2 -1 -1 8 -1 1 -1 -1 -1 -1 -1 -1 -1 -1 -1 -1 -1 -1 -1 -1 -1 -1 -1 -1 -1 9 -1 -1 -1 -1 -1 -1 -1 -1 -1 -1 7 -1 -1 -1 -1 -1 -1 -1 8 8 -1 -1 -1 -1 -1 -1 -1 -1 -1 5 -1 -1 -1 -1 -1 -1 -1 -1 5 -1 -1 -1 -1 -1 -1 -1 -1 -1 -1 -1 2 -1 -1 -1 -1 7 -1 -1 3 1 9 -1 1 -1 -1 -1 -1 -1 -1 -1 -1 -1 5 2 -1 -1 -1 -1 -1 -1 -1 -1 -1 -1 -1 -1 -1 -1 3 7 -1 -1 -1 -1 8 -1 1 -1 -1 -1 -1 -1 -1 -1 -1 8 -1 -1 -1 -1 -1 -1 -1 -1 -1 -1 -1 -1 -1 -1 -1 4 -1 -1 -1 -1 -1 1 -1 -1 -1 -1 10 -1 -1 -1 -1 -1 -1 -1 -1 -1 -1 5 -1 -1 -1 2 -1 -1 10 -1 -1 4 -1 -1 -1 -1 -1 -1 -1 -1 -1 -1 -1 -1 -1 -1 -1 -1 8 -1 -1 -1 4 -1 -1 -1 -1 -1 -1 7 -1 2 6 -1 -1 -1 -1 -1 -1 3 -1 6 -1 -1 -1 -1 -1 5 -1 -1 -1 -1 6 -1 -1 -1 10 -1 -1 -1 -1 -1 -1 10 -1 -1 -1 -1 -1 -1 -1 -1 -1 -1 -1 -1 -1 -1 1 -1 10 -1 -1 -1 -1 -1 -1 -1 2 -1 -1 -1 7 -1 -1 -1 5 8 -1 -1 -1 -1 -1 -1 -1 3 1 -1 10 -1 -1 -1 -1 9 9 -1 -1 2 
734
-1-1 -1 -1 -1 10 -1 6 -1 -1 1 -1 6 -1 -1 -1 -1 7 -1 2 -1 8 -1 -1 3 -1 -1 -1 -1 10 -1 -1 2 -1 -1 -1 -1 -1 -1 1 -1 -1 -1 10 -1 -1 -1 -1 3 -1 -1 -1 -1 -1 -1 -1 -1 -1 -1 -1 -1 -1 -1 -1 -1 -1 -1 2 -1 -1 -1 -1 10 -1 -1 -1 9 -1 -1 -1 -1 -1 -1 1 -1 -1 -1 -1 -1 -1 -1 8 1 -1 -1 -1 -1 -1 -1 -1 -1 -1 -1 -1 -1 7 -1 -1 -1 -1 -1 -1 -1 8 -1 5 -1 -1 4 -1 -1 -1 -1 -1 -1 -1 -1 -1 -1 5 -1 4 -1 -1 -1 -1 -1 10 -1 -1 -1 -1 1 -1 -1 -1 -1 3 -1 2 3 -1 -1 -1 -1 -1 -1 -1 1 -1 -1 -1 -1 -1 -1 -1 2 -1 -1 -1 -1 -1 -1 -1 -1 -1 -1 -1 -1 -1 -1 -1 -1 4 -1 -1 -1 -1 -1 -1 -1 -1 -1 -1 -1 -1 3 -1 -1 4 -1 -1 -1 -1 -1 -1 3 -1 -1 2 -1 1 -1 -1 -1 -1 -1 8 4 -1 -1 -1 -1 -1 -1 -1 -1 -1 -1 -1 -1 9 -1 6 -1 -1 -1 5 -1 -1 -1 2 -1 -1 -1 3 -1 -1 -1 -1 9 1 -1 -1 -1 -1 -1 -1 -1 -1 -1 -1 -1 -1 -1 5 -1 -1 -1 -1 -1 -1 -1 -1 -1 -1 -1 -1 3 -1 -1 -1 -1 10 5 -1 1 -1 7 -1 -1 -1 -1 -1 -1 -1 -1 -1 -1 -1 1 -1 8 -1 -1 -1 -1 5 -1 -1 -1 -1 -1 -1 -1 -1 -1 -1 -1 -1 -1 -1 -1 -1 -1 10 -1 -1 -1 -1 -1 -1 -1 8 -1 -1 -1 -1 -1 -1 -1 -1 -1 8 10 -1 -1 -1 5 -1 -1 -1 -1 -1 -1 -1 -1 1 -1 -1 -1 1 -1 -1 -1 -1 -1 -1 -1 -1 -1 6 -1 -1 -1 6 -1 -1 -1 1 -1 9 -1 -1 -1 -1 -1 -1 -1 2 -1 -1 -1 4 -1 -1 -1 -1 -1 4 -1 -1 -1 -1 10 -1 -1 7 -1 -1 8 -1 -1 1 -1 -1 -1 1 9 -1 -1 2 -1 -1 -1 -1 -1 -1 -1 -1 -1 1 -1 -1 2 8 -1 7 -1 7 1 -1 -1 -1 -1 -1 -1 -1 -1 -1 -1 -1 -1 -1 -1 -1 -1 1 -1 -1 -1 -1 -1 -1 -1 -1 -1 -1 -1 -1 -1 -1 -1 -1 -1 -1 -1 -1 -1 -1 -1 -1 -1 -1 -1 -1 -1 -1 -1 -1 -1 -1 -1 -1 7 -1 -1 -1 -1 -1 -1 -1 8 -1 -1 -1 -1 -1 -1 -1 4 -1 -1 -1 -1 -1 -1 1 -1 -1 8 -1 -1 -1 -1 -1 -1 1 4 -1 -1 -1 -1 5 -1 -1 -1 10 8 -1 6 -1 -1 -1 -1 -1 -1 -1 -1 9 -1 6 -1 -1 -1 -1 -1 -1 -1 -1 -1 -1 -1 -1 -1 -1 -1 -1 1 -1 -1 -1 -1 -1 -1 -1 -1 -1 -1 4 -1 -1 -1 -1 -1 -1 9 -1 -1 -1 -1 -1 -1 -1 -1 -1 -1 -1 -1 -1 2 -1 3 -1 -1 -1 -1 -1 -1 4 -1 9 -1 -1 -1 -1 -1 -1 -1 -1 -1 -1 -1 -1 -1 -1 -1 -1 -1 -1 -1 -1 -1 -1 -1 -1 -1 -1 -1 -1 -1 -1 -1 -1 -1 -1 -1 -1 -1 -1 -1 -1 -1 -1 -1 -1 1 -1 -1 7 -1 -1 -1 -1 -1 -1 -1 -1 10 -1 -1 -1 -1 -1 -1 5 -1 -1 -1 -1 -1 -1 3 -1 -1 -1 -1 -1 -1 -1 -1 -1 -1 -1 -1 -1 -1 -1 -1 -1 -1 6 -1 -1 -1 -1 6 -1 -1 6 -1 -1 -1 -1 -1 -1 -1 2 -1 -1 5 -1 -1 -1 -1 -1 -1 -1 -1 -1 -1 -1 -1 -1 
23
-1-1 -1 -1 -1 -1 3 -1 -1 -1 -1 -1 -1 -1 -1 -1 -1 -1 -1 -1 -1 -1 -1 
303
-1-1 -1 -1 -1 -1 -1 -1 -1 -1 -1 -1 -1 -1 4 5 -1 -1 4 -1 -1 -1 -1 4 4 -1 -1 -1 10 -1 -1 -1 -1 -1 -1 -1 -1 -1 -1 -1 6 9 -1 -1 -1 -1 -1 -1 7 -1 -1 -1 -1 -1 2 1 1 -1 -1 2 -1 -1 6 -1 -1 -1 -1 -1 7 -1 6 10 -1 -1 -1 -1 -1 8 -1 -1 -1 -1 -1 -1 -1 -1 -1 -1 -1 8 -1 -1 -1 -1 -1 -1 -1 -1 -1 -1 -1 8 -1 -1 -1 -1 -1 3 -1 -1 -1 -1 1 -1 -1 -1 -1 -1 -1 -1 8 4 -1 -1 8 -1 -1 -1 -1 -1 -1 -1 -1 -1 1 -1 -1 7 -1 -1 -1 -1 -1 -1 -1 -1 -1 6 -1 -1 10 -1 -1 -1 -1 10 -1 2 -1 -1 -1 -1 -1 -1 -1 -1 -1 -1 -1 -1 -1 -1 -1 -1 -1 -1 -1 -1 -1 1 -1 -1 -1 -1 -1 -1 -1 -1 -1 1 -1 -1 -1 -1 2 -1 -1 -1 1 -1 -1 -1 -1 -1 -1 -1 9 6 10 -1 -1 -1 -1 -1 -1 -1 -1 1 -1 3 -1 -1 -1 -1 -1 7 -1 9 -1 -1 -1 5 -1 -1 -1 -1 -1 -1 -1 -1 -1 -1 -1 -1 6 -1 -1 7 6 -1 -1 -1 -1 -1 -1 -1 -1 -1 8 -1 -1 -1 -1 -1 -1 -1 -1 -1 -1 -1 -1 -1 -1 -1 -1 -1 -1 10 -1 -1 -1 -1 -1 -1 -1 -1 10 -1 -1 -1 -1 -1 -1 -1 -1 -1 -1 9 -1 -1 9 -1 -1 
795
-1-1 -1 -1 -1 -1 -1 -1 -1 -1 -1 -1 6 -1 -1 -1 -1 -1 -1 -1 -1 -1 -1 4 -1 -1 -1 -1 6 -1 -1 -1 -1 -1 -1 -1 8 -1 -1 -1 -1 -1 -1 -1 -1 2 -1 -1 -1 -1 -1 -1 -1 -1 -1 -1 -1 -1 10 -1 -1 -1 -1 -1 -1 -1 4 -1 -1 -1 -1 -1 -1 -1 -1 2 -1 -1 3 -1 -1 -1 -1 -1 -1 -1 -1 -1 -1 -1 -1 -1 -1 7 -1 -1 -1 -1 -1 -1 -1 -1 -1 -1 -1 -1 5 -1 -1 -1 -1 -1 -1 -1 -1 -1 -1 3 -1 -1 -1 -1 -1 -1 -1 8 -1 -1 -1 -1 -1 -1 -1 -1 -1 -1 -1 -1 -1 5 -1 4 8 -1 -1 -1 -1 -1 9 -1 -1 6 -1 1 -1 -1 -1 -1 -1 -1 -1 -1 -1 8 -1 -1 -1 -1 -1 -1 -1 -1 -1 -1 -1 -1 -1 -1 -1 10 3 -1 -1 -1 -1 -1 4 -1 -1 -1 -1 -1 -1 -1 -1 -1 4 -1 -1 6 -1 -1 -1 -1 -1 -1 -1 -1 -1 9 -1 -1 -1 -1 1 -1 -1 7 -1 -1 -1 -1 -1 -1 -1 -1 -1 -1 10 -1 -1 -1 -1 -1 -1 -1 -1 -1 -1 -1 -1 -1 -1 -1 -1 -1 9 -1 -1 -1 -1 -1 -1 -1 -1 -1 -1 -1 -1 -1 -1 -1 -1 -1 -1 -1 1 -1 -1 -1 -1 -1 8 -1 -1 -1 -1 10 5 -1 -1 7 -1 -1 -1 -1 5 8 -1 -1 -1 -1 -1 -1 9 -1 9 -1 5 -1 1 -1 -1 -1 4 -1 9 -1 -1 -1 -1 9 -1 -1 -1 10 -1 -1 -1 -1 -1 -1 -1 4 -1 -1 -1 -1 -1 -1 -1 -1 -1 -1 9 2 -1 -1 -1 -1 -1 -1 -1 -1 -1 2 -1 -1 3 -1 -1 -1 -1 -1 -1 -1 -1 -1 -1 -1 -1 10 -1 -1 -1 -1 -1 -1 -1 9 -1 -1 -1 6 -1 -1 6 -1 -1 -1 -1 -1 2 -1 -1 -1 2 -1 -1 -1 -1 -1 -1 -1 7 -1 4 -1 -1 -1 10 -1 -1 6 -1 -1 -1 -1 -1 -1 -1 -1 -1 -1 9 -1 -1 -1 -1 3 -1 -1 -1 -1 -1 -1 -1 -1 9 4 -1 -1 6 -1 -1 -1 -1 6 -1 -1 4 3 -1 -1 -1 2 -1 6 -1 -1 -1 -1 -1 -1 -1 -1 -1 -1 -1 -1 -1 -1 -1 -1 -1 -1 3 -1 -1 -1 -1 10 4 -1 -1 -1 -1 -1 -1 -1 -1 -1 -1 -1 -1 2 -1 -1 -1 -1 -1 -1 -1 4 -1 -1 -1 -1 -1 -1 -1 -1 -1 -1 -1 -1 -1 -1 8 -1 2 1 -1 -1 -1 2 -1 -1 9 -1 4 -1 -1 -1 -1 1 -1 6 -1 -1 -1 -1 -1 -1 -1 -1 5 -1 -1 -1 -1 -1 -1 6 -1 -1 -1 -1 -1 -1 -1 -1 -1 -1 -1 10 -1 6 -1 10 3 -1 7 -1 -1 -1 -1 -1 5 -1 -1 1 -1 -1 -1 -1 -1 -1 -1 -1 -1 -1 -1 -1 -1 -1 -1 -1 -1 -1 -1 -1 -1 -1 -1 -1 -1 -1 -1 -1 6 -1 2 3 -1 -1 -1 -1 -1 -1 -1 -1 -1 4 -1 1 -1 -1 -1 -1 2 -1 -1 9 -1 -1 -1 -1 -1 -1 -1 -1 -1 -1 -1 -1 -1 6 -1 -1 -1 -1 -1 -1 -1 -1 -1 -1 -1 -1 -1 -1 -1 -1 -1 -1 -1 -1 -1 -1 6 -1 4 -1 -1 -1 -1 5 -1 -1 2 7 -1 -1 -1 -1 -1 -1 -1 -1 -1 -1 -1 -1 1 -1 -1 1 -1 7 -1 3 4 -1 -1 -1 -1 -1 -1 -1 -1 -1 10 -1 -1 -1 -1 -1 -1 -1 9 -1 -1 -1 -1 -1 -1 -1 -1 -1 8 -1 -1 -1 -1 7 8 -1 -1 -1 4 -1 -1 -1 3 -1 -1 -1 -1 3 -1 7 -1 -1 -1 -1 -1 -1 -1 4 -1 -1 -1 -1 4 -1 7 -1 -1 -1 -1 -1 -1 -1 -1 -1 -1 -1 -1 3 -1 7 10 -1 -1 -1 -1 -1 -1 -1 -1 -1 -1 -1 -1 -1 4 -1 -1 -1 -1 -1 -1 -1 -1 
490
-1-1 -1 -1 -1 -1 -1 -1 -1 5 -1 -1 -1 -1 9 -1 2 -1 1 -1 -1 -1 -1 -1 -1 -1 6 -1 -1 3 -1 -1 -1 -1 8 -1 -1 -1 -1 5 -1 -1 -1 -1 -1 7 -1 -1 -1 -1 -1 1 -1 -1 -1 -1 -1 -1 -1 -1 -1 -1 7 -1 -1 -1 -1 -1 7 -1 -1 5 -1 -1 -1 4 -1 -1 -1 -1 2 -1 -1 -1 -1 -1 -1 -1 -1 -1 4 -1 -1 -1 -1 -1 -1 -1 -1 -1 -1 -1 -1 -1 9 -1 4 -1 -1 -1 -1 7 -1 -1 -1 -1 1 1 -1 -1 -1 -1 -1 -1 -1 -1 -1 -1 -1 -1 -1 6 -1 -1 -1 -1 -1 2 -1 -1 -1 -1 -1 5 -1 8 -1 6 -1 7 1 -1 -1 -1 -1 7 -1 -1 -1 -1 -1 -1 -1 -1 -1 -1 9 -1 -1 -1 1 -1 5 8 -1 -1 -1 -1 -1 8 1 -1 -1 9 -1 -1 2 -1 2 -1 -1 -1 -1 6 -1 -1 -1 -1 -1 -1 -1 -1 -1 -1 -1 -1 -1 -1 -1 -1 1 -1 -1 -1 -1 8 -1 -1 -1 -1 -1 -1 1 7 -1 -1 -1 -1 5 -1 -1 -1 -1 -1 -1 -1 -1 -1 5 -1 -1 7 -1 -1 -1 -1 -1 -1 -1 -1 -1 -1 -1 -1 -1 -1 -1 7 7 -1 9 6 -1 -1 -1 -1 -1 -1 -1 4 -1 5 -1 -1 3 -1 -1 -1 10 -1 -1 -1 -1 -1 -1 9 -1 7 1 8 -1 -1 -1 -1 -1 3 -1 -1 -1 -1 -1 -1 -1 -1 -1 -1 -1 -1 -1 -1 -1 6 -1 -1 -1 -1 5 3 -1 -1 -1 -1 2 -1 -1 -1 -1 -1 -1 -1 -1 -1 -1 -1 -1 -1 4 8 -1 4 -1 -1 -1 -1 -1 -1 10 -1 -1 9 -1 -1 -1 1 -1 7 -1 -1 9 -1 -1 -1 -1 -1 -1 -1 -1 2 -1 -1 -1 -1 -1 2 -1 -1 -1 -1 -1 -1 -1 -1 -1 6 -1 -1 -1 -1 -1 -1 -1 -1 -1 -1 -1 5 -1 -1 -1 -1 -1 -1 -1 -1 -1 -1 8 -1 -1 4 -1 -1 -1 -1 -1 3 4 -1 -1 -1 -1 -1 -1 -1 7 -1 -1 -1 -1 -1 -1 -1 -1 -1 -1 -1 -1 2 -1 -1 3 -1 -1 -1 -1 -1 -1 -1 -1 -1 -1 8 3 -1 6 -1 -1 -1 -1 -1 -1 -1 -1 -1 -1 -1 -1 -1 -1 -1 -1 -1 -1 -1 -1 -1 -1 -1 -1 -1 -1 -1 -1 -1 -1 -1 -1 -1 -1 -1 
845
-1-1 -1 -1 -1 -1 -1 -1 -1 4 -1 -1 -1 -1 -1 -1 9 -1 -1 -1 -1 -1 -1 -1 -1 -1 -1 -1 -1 -1 -1 2 9 9 -1 -1 -1 -1 4 -1 -1 -1 -1 -1 -1 -1 9 -1 -1 -1 -1 -1 -1 9 -1 -1 -1 -1 -1 2 6 -1 -1 -1 -1 -1 -1 -1 1 -1 -1 -1 -1 -1 -1 -1 -1 -1 -1 -1 -1 -1 -1 -1 -1 -1 -1 7 -1 -1 -1 -1 -1 -1 -1 -1 -1 -1 -1 -1 9 -1 -1 -1 -1 6 -1 1 -1 10 -1 -1 1 -1 -1 -1 -1 -1 -1 -1 -1 -1 10 -1 5 -1 -1 -1 -1 -1 -1 6 -1 4 -1 -1 -1 -1 -1 -1 -1 -1 -1 -1 -1 -1 -1 -1 -1 -1 -1 -1 -1 -1 -1 10 -1 3 -1 -1 -1 -1 -1 -1 -1 -1 -1 -1 4 -1 -1 -1 -1 10 -1 7 -1 -1 -1 -1 4 2 -1 -1 9 7 -1 -1 -1 -1 -1 -1 -1 -1 -1 -1 -1 -1 -1 -1 1 -1 4 -1 9 4 -1 -1 -1 -1 -1 -1 -1 -1 -1 -1 -1 -1 -1 -1 -1 -1 8 5 -1 -1 -1 -1 -1 -1 -1 -1 -1 -1 -1 -1 9 -1 -1 -1 -1 -1 -1 9 -1 8 -1 8 -1 -1 -1 -1 -1 -1 2 -1 -1 -1 -1 -1 5 8 -1 -1 1 -1 -1 -1 -1 -1 -1 -1 -1 -1 8 -1 -1 -1 -1 5 -1 -1 -1 9 8 -1 -1 -1 -1 -1 -1 -1 -1 -1 -1 -1 -1 -1 -1 -1 -1 -1 -1 6 -1 -1 -1 9 -1 -1 -1 -1 7 -1 -1 -1 -1 -1 -1 -1 -1 -1 -1 9 -1 -1 -1 -1 -1 -1 -1 -1 -1 -1 -1 -1 9 -1 -1 -1 -1 -1 -1 -1 -1 -1 -1 -1 -1 -1 4 -1 2 -1 -1 4 -1 -1 -1 -1 -1 -1 -1 -1 3 -1 10 -1 -1 -1 -1 -1 -1 -1 -1 -1 -1 -1 7 1 -1 -1 -1 3 -1 -1 -1 -1 -1 -1 6 -1 -1 -1 -1 -1 -1 -1 -1 10 -1 -1 -1 -1 -1 -1 6 5 1 -1 -1 -1 -1 -1 3 -1 -1 -1 -1 -1 -1 -1 -1 -1 3 -1 -1 -1 -1 -1 -1 3 -1 -1 -1 -1 -1 -1 -1 -1 -1 -1 3 -1 2 -1 10 -1 -1 -1 -1 -1 -1 5 -1 -1 6 -1 -1 -1 -1 -1 -1 -1 -1 -1 -1 -1 -1 -1 8 -1 -1 10 2 -1 -1 -1 9 10 -1 -1 -1 -1 -1 -1 -1 -1 3 -1 -1 10 -1 -1 -1 10 -1 5 3 10 -1 -1 -1 -1 2 -1 -1 -1 -1 -1 -1 -1 -1 -1 -1 -1 -1 -1 -1 -1 -1 -1 -1 1 -1 -1 1 -1 -1 -1 2 -1 -1 -1 -1 -1 -1 -1 -1 -1 -1 -1 3 5 -1 -1 -1 -1 10 -1 -1 -1 -1 -1 -1 -1 -1 -1 4 -1 -1 -1 -1 -1 -1 3 6 -1 -1 -1 -1 -1 -1 -1 -1 -1 -1 -1 10 -1 -1 -1 -1 -1 3 -1 -1 -1 8 -1 -1 -1 -1 -1 -1 -1 -1 -1 -1 -1 -1 -1 -1 -1 -1 8 -1 -1 8 -1 9 -1 -1 -1 -1 -1 -1 -1 -1 -1 2 -1 6 9 -1 4 -1 -1 2 -1 -1 -1 -1 9 -1 5 3 -1 -1 -1 -1 -1 3 -1 -1 -1 8 -1 -1 -1 -1 -1 -1 -1 -1 -1 4 -1 -1 2 -1 4 -1 -1 -1 -1 -1 -1 7 -1 -1 -1 -1 -1 1 -1 -1 -1 -1 -1 -1 -1 -1 -1 1 -1 -1 -1 -1 5 6 -1 -1 -1 10 -1 -1 3 -1 7 -1 -1 -1 -1 -1 -1 -1 5 -1 -1 -1 -1 -1 -1 -1 3 -1 -1 -1 -1 -1 -1 -1 10 -1 -1 -1 -1 -1 -1 -1 -1 -1 -1 -1 -1 -1 -1 -1 -1 4 -1 -1 -1 -1 -1 -1 -1 -1 -1 10 -1 -1 -1 -1 -1 -1 -1 -1 -1 4 -1 -1 9 -1 -1 -1 -1 -1 -1 -1 -1 -1 -1 -1 -1 -1 -1 -1 3 -1 5 -1 -1 -1 5 -1 -1 -1 -1 -1 -1 -1 -1 -1 -1 -1 -1 -1 4 -1 -1 -1 7 4 -1 -1 1 -1 -1 -1 -1 -1 -1 -1 -1 9 -1 -1 -1 -1 5 -1 -1 -1 -1 -1 -1 -1 -1 -1 -1 6 -1 -1 -1 -1 -1 -1 -1 -1 1 -1 -1 -1 
844
-1-1 -1 -1 4 -1 -1 -1 -1 -1 -1 -1 -1 -1 -1 -1 -1 -1 -1 -1 -1 -1 -1 -1 -1 -1 -1 -1 -1 -1 -1 -1 -1 1 6 -1 -1 -1 -1 -1 -1 -1 -1 -1 -1 -1 -1 -1 -1 -1 -1 -1 -1 -1 -1 1 -1 -1 -1 -1 1 -1 -1 -1 -1 -1 -1 -1 -1 9 -1 5 -1 -1 -1 -1 -1 -1 -1 -1 1 -1 -1 -1 -1 -1 -1 -1 -1 -1 9 -1 -1 -1 -1 -1 -1 6 -1 -1 -1 -1 -1 -1 -1 -1 8 -1 1 -1 10 -1 -1 3 -1 -1 7 -1 9 -1 -1 -1 1 3 -1 -1 -1 -1 -1 -1 -1 3 -1 5 -1 -1 -1 -1 7 -1 -1 -1 -1 -1 -1 -1 -1 -1 -1 -1 -1 -1 -1 -1 -1 1 2 -1 -1 -1 -1 -1 -1 -1 8 -1 -1 -1 8 -1 -1 -1 -1 -1 -1 -1 -1 -1 -1 3 -1 -1 -1 7 -1 -1 -1 -1 -1 -1 -1 -1 -1 -1 -1 -1 -1 -1 1 -1 -1 -1 -1 -1 -1 -1 -1 -1 -1 -1 -1 -1 -1 -1 -1 8 -1 8 8 -1 -1 -1 6 -1 -1 -1 4 -1 -1 -1 -1 -1 -1 -1 -1 -1 -1 -1 -1 -1 8 -1 7 -1 -1 -1 -1 -1 8 -1 -1 -1 -1 -1 -1 -1 -1 -1 -1 -1 -1 -1 -1 -1 -1 4 -1 -1 -1 -1 -1 -1 -1 -1 -1 -1 -1 -1 -1 -1 -1 8 -1 -1 -1 -1 -1 -1 -1 8 9 2 -1 -1 -1 -1 -1 10 -1 -1 -1 5 2 -1 -1 -1 -1 -1 5 -1 -1 -1 -1 6 -1 9 -1 -1 -1 -1 2 -1 -1 -1 -1 -1 -1 -1 -1 -1 -1 -1 -1 -1 -1 -1 -1 -1 -1 4 -1 -1 -1 7 -1 -1 -1 -1 -1 -1 -1 -1 -1 -1 -1 -1 -1 -1 -1 -1 3 -1 8 -1 -1 -1 -1 -1 -1 -1 5 -1 -1 -1 6 -1 8 -1 -1 -1 -1 -1 -1 -1 3 6 -1 -1 -1 -1 -1 -1 -1 -1 5 -1 -1 -1 -1 -1 -1 -1 -1 -1 -1 -1 -1 7 -1 -1 -1 3 -1 -1 -1 4 -1 -1 -1 -1 -1 -1 -1 -1 -1 -1 8 -1 -1 -1 -1 -1 1 -1 -1 -1 -1 -1 -1 -1 -1 -1 -1 -1 -1 -1 4 8 -1 -1 -1 -1 1 -1 -1 -1 -1 -1 -1 -1 -1 -1 -1 1 -1 -1 -1 -1 -1 -1 8 -1 -1 -1 -1 -1 -1 -1 -1 -1 -1 -1 -1 -1 -1 -1 -1 -1 -1 -1 6 8 -1 -1 -1 -1 -1 3 -1 -1 -1 -1 -1 -1 -1 -1 -1 -1 5 -1 -1 7 -1 -1 -1 -1 -1 -1 -1 -1 -1 -1 -1 -1 -1 -1 -1 5 -1 -1 5 -1 6 -1 -1 -1 -1 -1 3 -1 10 -1 -1 -1 1 -1 -1 -1 -1 -1 -1 -1 -1 -1 -1 -1 -1 -1 -1 8 -1 -1 -1 -1 -1 -1 1 -1 -1 -1 1 -1 -1 -1 -1 -1 -1 4 -1 -1 -1 -1 -1 -1 -1 -1 -1 -1 -1 -1 -1 -1 -1 -1 -1 -1 -1 3 -1 -1 -1 -1 -1 10 -1 -1 -1 -1 -1 9 -1 -1 -1 -1 -1 -1 -1 -1 -1 -1 8 6 -1 -1 9 -1 -1 -1 -1 9 4 9 -1 -1 -1 -1 -1 8 -1 -1 -1 7 -1 -1 -1 -1 10 -1 -1 -1 -1 -1 4 -1 -1 -1 -1 -1 3 -1 -1 3 5 1 -1 -1 -1 -1 7 -1 1 -1 6 5 -1 2 -1 -1 -1 -1 2 8 -1 3 3 -1 -1 -1 -1 -1 -1 -1 -1 -1 -1 -1 -1 -1 -1 -1 -1 9 -1 4 9 -1 4 -1 -1 -1 -1 -1 -1 -1 -1 -1 -1 -1 2 -1 -1 -1 -1 5 -1 -1 -1 -1 2 -1 -1 -1 -1 10 4 -1 -1 -1 -1 -1 -1 -1 -1 -1 -1 -1 -1 -1 -1 -1 -1 -1 -1 -1 -1 -1 -1 -1 -1 6 -1 -1 -1 -1 -1 6 -1 7 -1 -1 -1 -1 -1 2 -1 -1 9 -1 7 -1 -1 -1 -1 -1 -1 5 -1 -1 -1 -1 -1 -1 -1 -1 2 -1 -1 -1 -1 6 -1 -1 -1 -1 -1 -1 -1 -1 -1 -1 -1 -1 -1 8 -1 -1 10 -1 -1 9 -1 -1 -1 -1 -1 -1 9 -1 -1 -1 -1 -1 -1 -1 -1 -1 -1 -1 9 -1 -1 4 -1 -1 
283
-1-1 9 -1 -1 -1 -1 -1 -1 -1 -1 -1 -1 -1 -1 -1 -1 -1 -1 3 -1 -1 -1 -1 -1 -1 2 -1 -1 -1 -1 -1 -1 -1 -1 -1 1 -1 7 -1 -1 -1 -1 -1 -1 -1 8 -1 -1 -1 1 -1 -1 -1 -1 -1 -1 -1 -1 -1 -1 -1 -1 9 -1 -1 8 -1 -1 -1 -1 -1 -1 -1 -1 -1 -1 -1 -1 7 -1 3 -1 -1 -1 -1 -1 -1 -1 -1 -1 -1 -1 -1 -1 -1 -1 -1 -1 -1 8 -1 -1 -1 -1 -1 -1 2 -1 -1 -1 -1 -1 -1 -1 -1 -1 -1 -1 -1 -1 -1 -1 10 -1 -1 -1 -1 -1 -1 -1 -1 -1 -1 -1 -1 -1 -1 -1 -1 -1 -1 -1 -1 -1 2 -1 -1 -1 -1 -1 -1 1 -1 9 -1 -1 -1 -1 -1 -1 -1 -1 -1 -1 7 -1 -1 -1 -1 -1 9 -1 -1 4 -1 -1 2 7 -1 4 -1 -1 -1 -1 -1 -1 -1 -1 -1 -1 -1 -1 -1 -1 -1 -1 -1 -1 -1 4 -1 -1 9 -1 10 -1 -1 -1 -1 -1 -1 -1 -1 -1 -1 -1 -1 -1 -1 -1 -1 -1 -1 -1 -1 -1 10 1 -1 -1 -1 -1 -1 -1 -1 -1 -1 -1 -1 -1 -1 -1 6 -1 -1 -1 -1 -1 -1 6 -1 -1 -1 -1 -1 -1 -1 -1 -1 -1 -1 -1 -1 5 -1 -1 -1 -1 -1 -1 -1 -1 7 -1 -1 -1 -1 -1 -1 -1 -1 -1 
737
-1-1 -1 -1 -1 -1 -1 -1 -1 -1 -1 -1 -1 -1 -1 -1 -1 -1 -1 -1 -1 -1 -1 -1 -1 -1 -1 -1 -1 -1 1 -1 -1 -1 -1 -1 3 -1 -1 -1 -1 1 1 -1 -1 -1 -1 -1 2 -1 -1 -1 -1 -1 -1 3 -1 -1 -1 -1 -1 9 -1 -1 -1 3 1 -1 -1 -1 -1 -1 -1 -1 -1 -1 -1 -1 10 -1 9 -1 -1 -1 5 4 -1 1 -1 -1 -1 -1 -1 7 -1 -1 -1 -1 10 -1 -1 -1 -1 -1 -1 -1 4 -1 -1 -1 -1 -1 -1 -1 -1 -1 -1 -1 -1 6 -1 -1 -1 -1 -1 -1 -1 8 -1 -1 -1 -1 -1 -1 -1 -1 -1 -1 -1 -1 -1 -1 -1 -1 -1 -1 -1 2 -1 4 -1 -1 -1 4 -1 -1 -1 10 -1 5 -1 -1 -1 -1 -1 -1 9 -1 6 -1 -1 3 -1 -1 -1 6 -1 -1 -1 -1 -1 -1 -1 -1 -1 -1 -1 -1 -1 -1 6 9 -1 4 -1 -1 -1 -1 -1 -1 3 -1 -1 -1 -1 -1 -1 -1 -1 9 -1 -1 -1 -1 -1 5 6 -1 -1 -1 -1 1 -1 -1 -1 -1 -1 -1 -1 -1 -1 -1 8 -1 -1 -1 -1 -1 -1 10 -1 -1 -1 -1 -1 -1 -1 9 1 -1 -1 -1 -1 -1 -1 -1 -1 -1 -1 -1 10 -1 -1 -1 -1 -1 5 -1 3 -1 -1 -1 -1 -1 -1 -1 -1 -1 -1 -1 -1 9 -1 -1 -1 -1 -1 -1 -1 -1 2 -1 -1 3 -1 -1 -1 -1 -1 -1 -1 -1 -1 7 -1 3 9 5 -1 10 -1 -1 -1 3 -1 -1 1 -1 6 -1 -1 -1 -1 -1 -1 4 -1 -1 5 -1 -1 -1 -1 -1 6 -1 7 -1 -1 -1 6 -1 4 -1 -1 -1 -1 -1 -1 -1 2 5 -1 -1 -1 -1 -1 -1 1 -1 -1 -1 -1 -1 -1 -1 -1 -1 -1 -1 -1 -1 -1 2 -1 -1 -1 -1 2 -1 -1 -1 -1 7 -1 -1 -1 -1 -1 -1 1 -1 -1 -1 -1 -1 -1 -1 -1 6 -1 -1 8 -1 -1 -1 -1 -1 3 -1 -1 -1 4 -1 -1 -1 5 -1 4 -1 3 -1 -1 -1 -1 6 -1 -1 -1 -1 6 -1 -1 -1 -1 -1 -1 -1 -1 9 -1 -1 -1 -1 -1 -1 -1 4 -1 -1 -1 9 6 -1 2 -1 3 -1 -1 -1 -1 6 -1 -1 -1 -1 -1 -1 -1 4 -1 -1 -1 -1 8 -1 -1 -1 -1 -1 -1 -1 -1 -1 -1 -1 -1 -1 -1 -1 -1 -1 -1 -1 -1 -1 -1 -1 -1 -1 -1 -1 -1 -1 2 -1 5 8 -1 5 -1 -1 1 -1 -1 -1 -1 -1 -1 -1 -1 9 -1 -1 7 5 -1 -1 6 -1 6 6 -1 -1 -1 -1 -1 -1 -1 9 -1 -1 7 -1 -1 -1 -1 5 -1 -1 -1 -1 -1 -1 -1 -1 -1 -1 -1 -1 -1 5 -1 -1 -1 -1 4 -1 -1 -1 -1 -1 7 -1 7 -1 -1 -1 -1 -1 -1 -1 -1 -1 -1 -1 -1 -1 -1 -1 -1 -1 -1 -1 -1 -1 1 -1 -1 -1 -1 -1 -1 -1 -1 -1 -1 7 -1 -1 8 -1 10 -1 -1 -1 5 -1 -1 9 -1 5 -1 -1 -1 -1 -1 -1 -1 -1 4 -1 -1 -1 -1 -1 -1 -1 -1 -1 -1 -1 10 -1 -1 -1 -1 -1 -1 -1 6 9 6 -1 8 -1 5 -1 -1 -1 4 -1 -1 4 -1 -1 -1 -1 -1 -1 -1 4 8 -1 -1 -1 1 -1 -1 -1 -1 -1 -1 -1 -1 -1 -1 -1 -1 5 4 -1 -1 -1 -1 -1 -1 -1 6 -1 9 -1 -1 -1 -1 -1 -1 -1 -1 -1 -1 -1 8 -1 -1 -1 -1 -1 -1 -1 -1 -1 -1 -1 -1 -1 -1 -1 -1 -1 -1 -1 -1 -1 -1 -1 6 
259
-1-1 -1 6 -1 3 -1 -1 -1 -1 9 -1 -1 -1 5 8 -1 -1 -1 -1 -1 3 -1 -1 -1 -1 -1 -1 9 -1 -1 -1 -1 -1 -1 -1 -1 -1 10 -1 -1 -1 -1 -1 -1 1 4 -1 -1 -1 8 7 3 -1 -1 10 -1 -1 1 -1 -1 -1 -1 -1 -1 6 -1 -1 -1 -1 -1 -1 -1 -1 -1 -1 -1 -1 -1 -1 -1 -1 -1 -1 -1 -1 -1 -1 9 -1 6 -1 -1 -1 3 -1 -1 -1 -1 -1 -1 1 -1 -1 -1 -1 7 2 2 -1 -1 3 -1 -1 -1 -1 -1 10 7 -1 -1 -1 -1 -1 -1 -1 4 -1 -1 -1 -1 -1 -1 -1 -1 -1 -1 -1 -1 -1 7 -1 6 -1 4 -1 -1 -1 -1 -1 -1 10 -1 -1 -1 5 -1 -1 -1 -1 -1 -1 -1 -1 -1 -1 7 -1 -1 5 -1 7 -1 -1 -1 -1 9 5 -1 -1 -1 -1 5 -1 -1 -1 -1 -1 3 -1 6 2 -1 -1 2 -1 -1 -1 -1 -1 9 -1 -1 -1 -1 -1 -1 -1 2 -1 -1 -1 -1 7 -1 -1 -1 -1 -1 -1 -1 6 -1 -1 -1 -1 -1 -1 -1 5 -1 -1 -1 -1 7 -1 -1 -1 -1 7 -1 -1 3 -1 -1 -1 -1 -1 -1 -1 -1 9 6 9 -1 -1 2 -1 -1 
150
-1-1 3 -1 -1 4 3 -1 -1 -1 -1 -1 2 -1 -1 -1 8 -1 -1 -1 -1 -1 -1 -1 -1 -1 -1 -1 -1 5 -1 -1 -1 -1 -1 -1 2 -1 2 -1 -1 -1 -1 -1 -1 2 -1 -1 -1 -1 -1 -1 -1 -1 -1 8 -1 -1 -1 -1 -1 -1 -1 7 -1 -1 -1 -1 -1 10 -1 -1 -1 -1 -1 10 -1 -1 -1 9 -1 1 -1 -1 2 -1 -1 -1 -1 -1 -1 4 -1 -1 -1 -1 -1 -1 -1 9 -1 7 -1 -1 -1 2 2 -1 7 -1 -1 -1 -1 -1 -1 -1 -1 -1 -1 4 -1 6 2 -1 10 -1 -1 1 -1 6 4 -1 -1 7 -1 -1 -1 -1 -1 -1 -1 -1 -1 -1 -1 -1 -1 -1 -1 6 
161
-1-1 -1 -1 -1 6 -1 -1 -1 -1 -1 -1 -1 5 -1 -1 -1 -1 -1 -1 -1 -1 7 -1 -1 -1 -1 7 -1 -1 -1 10 -1 -1 -1 -1 -1 -1 -1 -1 -1 7 -1 -1 -1 -1 4 -1 -1 -1 -1 -1 -1 -1 -1 -1 -1 -1 -1 -1 4 -1 -1 -1 -1 -1 -1 -1 -1 -1 -1 -1 -1 -1 -1 -1 -1 -1 -1 -1 -1 -1 -1 -1 -1 -1 -1 -1 -1 -1 -1 -1 1 -1 -1 -1 -1 -1 -1 -1 -1 -1 -1 -1 2 -1 -1 -1 -1 -1 -1 -1 -1 -1 -1 -1 -1 -1 -1 2 9 8 -1 -1 -1 4 -1 -1 -1 -1 -1 -1 -1 -1 -1 -1 -1 -1 -1 6 -1 -1 -1 -1 -1 -1 -1 -1 -1 -1 -1 -1 -1 -1 8 -1 -1 -1 -1 -1 -1 
138
-1-1 -1 3 -1 -1 1 9 -1 -1 -1 -1 9 -1 -1 -1 -1 1 -1 -1 -1 -1 -1 -1 6 -1 -1 -1 -1 5 -1 -1 -1 -1 -1 9 -1 -1 -1 -1 -1 5 -1 -1 -1 3 -1 -1 -1 -1 -1 6 -1 -1 -1 -1 -1 6 -1 9 -1 -1 -1 -1 7 -1 -1 -1 5 -1 -1 3 -1 -1 -1 4 9 -1 -1 -1 -1 -1 7 -1 -1 -1 6 -1 -1 -1 -1 1 -1 -1 -1 -1 -1 4 8 -1 10 8 -1 -1 9 -1 -1 5 -1 -1 -1 -1 -1 -1 -1 -1 -1 -1 -1 -1 -1 -1 -1 -1 -1 -1 -1 5 -1 8 4 -1 10 -1 4 8 -1 -1 
369
-18 4 -1 -1 2 -1 -1 -1 -1 -1 -1 -1 -1 -1 -1 -1 9 -1 -1 -1 -1 1 -1 -1 -1 -1 -1 -1 -1 -1 -1 -1 -1 -1 -1 9 4 -1 -1 -1 4 -1 -1 -1 -1 -1 4 -1 -1 -1 -1 -1 10 -1 -1 5 -1 9 -1 -1 -1 -1 -1 -1 -1 -1 -1 -1 4 -1 -1 3 -1 -1 -1 10 -1 -1 -1 -1 -1 -1 -1 -1 -1 -1 -1 -1 -1 -1 -1 -1 -1 -1 -1 -1 -1 -1 -1 -1 -1 -1 -1 -1 -1 -1 6 -1 -1 1 -1 -1 -1 -1 -1 -1 5 6 2 -1 10 -1 -1 -1 5 8 7 -1 -1 -1 -1 -1 -1 -1 3 -1 -1 1 -1 -1 -1 -1 -1 -1 3 10 -1 -1 -1 -1 -1 -1 -1 -1 -1 -1 -1 -1 -1 -1 -1 -1 -1 -1 -1 -1 -1 7 4 -1 10 -1 -1 -1 -1 -1 -1 -1 -1 -1 -1 -1 -1 -1 -1 -1 -1 -1 -1 -1 -1 -1 -1 -1 -1 -1 -1 -1 -1 -1 -1 -1 -1 10 -1 -1 -1 -1 -1 -1 -1 -1 -1 5 -1 -1 -1 6 3 10 -1 -1 3 10 -1 -1 -1 -1 -1 -1 3 -1 -1 -1 -1 -1 -1 -1 3 9 -1 -1 -1 -1 -1 -1 -1 -1 -1 -1 -1 -1 -1 -1 -1 2 -1 -1 -1 -1 -1 -1 -1 -1 -1 -1 -1 8 -1 -1 -1 -1 -1 -1 -1 5 -1 4 -1 -1 -1 -1 -1 -1 -1 -1 -1 -1 -1 -1 -1 -1 -1 -1 -1 -1 -1 -1 -1 -1 -1 -1 -1 -1 7 -1 -1 -1 -1 -1 -1 7 -1 -1 5 5 7 -1 -1 -1 3 -1 -1 -1 -1 9 -1 -1 -1 2 9 -1 -1 -1 -1 -1 -1 -1 -1 -1 -1 -1 -1 8 8 -1 -1 3 -1 -1 -1 -1 -1 -1 -1 5 -1 -1 -1 -1 -1 -1 -1 -1 -1 -1 9 -1 
391
-1-1 -1 -1 1 -1 -1 -1 -1 -1 -1 -1 -1 -1 -1 -1 -1 -1 -1 9 6 -1 -1 3 -1 5 -1 -1 -1 -1 -1 -1 3 -1 -1 -1 -1 -1 -1 -1 -1 -1 9 -1 -1 4 8 10 -1 -1 -1 -1 1 -1 -1 4 -1 -1 7 -1 -1 -1 3 -1 -1 -1 -1 -1 -1 -1 -1 -1 -1 -1 -1 -1 -1 1 -1 -1 -1 -1 -1 -1 -1 -1 -1 -1 -1 -1 1 -1 -1 4 -1 -1 -1 -1 -1 -1 -1 -1 -1 -1 -1 -1 6 -1 -1 -1 9 3 -1 2 -1 -1 -1 -1 -1 -1 -1 -1 -1 -1 -1 -1 -1 -1 -1 -1 -1 2 -1 8 -1 -1 -1 2 -1 -1 -1 -1 -1 -1 10 3 3 -1 -1 -1 -1 -1 -1 -1 -1 -1 -1 3 -1 -1 -1 4 7 -1 8 -1 -1 -1 -1 -1 -1 -1 -1 2 2 -1 -1 7 4 -1 -1 -1 -1 -1 -1 -1 -1 2 -1 6 -1 -1 -1 -1 -1 -1 -1 -1 -1 -1 -1 -1 -1 -1 -1 -1 -1 -1 -1 -1 -1 7 -1 -1 -1 -1 -1 2 -1 -1 -1 -1 -1 -1 -1 -1 -1 1 -1 10 -1 -1 -1 -1 -1 -1 -1 -1 -1 -1 -1 -1 -1 -1 -1 10 -1 -1 -1 -1 -1 -1 -1 -1 -1 -1 -1 -1 -1 -1 -1 -1 -1 -1 -1 -1 -1 -1 -1 -1 -1 -1 -1 -1 -1 -1 6 -1 -1 -1 -1 -1 2 3 -1 -1 -1 -1 -1 -1 2 -1 -1 -1 -1 -1 -1 -1 4 -1 -1 -1 -1 -1 1 -1 -1 10 -1 10 -1 -1 -1 -1 -1 -1 -1 -1 9 -1 -1 -1 -1 6 -1 5 -1 -1 -1 -1 -1 -1 -1 -1 -1 1 1 -1 8 -1 -1 -1 -1 -1 -1 -1 -1 -1 -1 -1 -1 -1 -1 -1 3 -1 -1 -1 6 -1 5 -1 -1 -1 -1 -1 -1 -1 -1 -1 -1 -1 8 -1 -1 -1 -1 -1 -1 -1 -1 -1 -1 -1 -1 4 2 -1 -1 -1 -1 
288
-1-1 -1 1 -1 -1 -1 -1 -1 -1 -1 -1 -1 -1 -1 -1 -1 -1 -1 2 9 6 -1 7 -1 -1 -1 -1 -1 -1 -1 -1 -1 2 -1 -1 -1 -1 -1 -1 -1 -1 -1 -1 -1 -1 3 -1 -1 -1 -1 -1 -1 -1 -1 -1 4 -1 -1 -1 -1 -1 -1 -1 -1 3 -1 -1 -1 -1 -1 -1 -1 -1 -1 -1 -1 7 -1 -1 -1 -1 -1 -1 -1 -1 -1 3 -1 -1 8 2 -1 10 -1 -1 -1 -1 -1 -1 -1 -1 -1 -1 4 -1 9 10 -1 -1 -1 -1 -1 5 -1 -1 -1 -1 -1 -1 -1 -1 -1 -1 -1 -1 -1 -1 -1 -1 -1 3 10 5 6 -1 -1 -1 -1 -1 -1 -1 -1 -1 -1 -1 4 -1 -1 -1 -1 -1 -1 -1 4 -1 -1 -1 -1 -1 -1 -1 -1 -1 -1 -1 10 -1 -1 -1 10 5 -1 -1 -1 10 -1 -1 9 -1 -1 -1 -1 -1 -1 -1 -1 -1 2 -1 -1 9 3 -1 -1 -1 -1 -1 -1 -1 -1 -1 -1 -1 -1 -1 -1 -1 -1 -1 -1 -1 -1 -1 -1 -1 -1 -1 -1 -1 -1 -1 -1 -1 -1 -1 -1 -1 2 3 2 -1 9 -1 -1 3 -1 2 -1 -1 8 -1 -1 9 -1 -1 7 -1 -1 -1 -1 -1 4 -1 -1 -1 -1 -1 -1 5 -1 -1 -1 -1 -1 -1 -1 -1 7 -1 -1 -1 4 -1 -1 -1 -1 -1 -1 -1 -1 -1 -1 10 -1 -1 -1 -1 
528
-1-1 -1 4 -1 -1 -1 4 -1 -1 9 -1 -1 -1 -1 -1 -1 -1 -1 -1 -1 -1 10 -1 -1 -1 -1 -1 -1 -1 -1 -1 -1 10 -1 -1 7 -1 -1 -1 -1 -1 -1 -1 -1 -1 -1 9 -1 -1 6 -1 4 -1 5 -1 -1 -1 -1 -1 9 -1 -1 -1 -1 -1 -1 -1 -1 -1 -1 -1 -1 9 -1 9 -1 -1 -1 -1 -1 -1 -1 -1 -1 -1 -1 -1 -1 -1 -1 -1 -1 -1 6 -1 -1 -1 2 -1 -1 -1 -1 -1 -1 5 6 -1 -1 -1 -1 9 -1 -1 -1 -1 -1 -1 -1 6 -1 2 -1 -1 -1 -1 -1 -1 6 -1 -1 -1 -1 -1 -1 -1 -1 -1 9 -1 -1 7 -1 -1 -1 -1 -1 -1 6 -1 -1 -1 -1 -1 8 -1 -1 -1 -1 -1 -1 -1 -1 -1 -1 -1 -1 -1 -1 -1 -1 -1 -1 -1 -1 -1 -1 9 -1 -1 -1 -1 -1 -1 -1 -1 -1 -1 4 -1 -1 -1 -1 -1 -1 7 -1 -1 -1 -1 -1 -1 -1 -1 5 -1 3 -1 -1 -1 -1 -1 -1 -1 -1 -1 -1 -1 -1 -1 -1 -1 -1 -1 4 -1 -1 3 -1 -1 10 -1 -1 -1 -1 -1 -1 -1 -1 -1 -1 2 -1 2 -1 -1 -1 -1 10 -1 -1 2 -1 -1 4 -1 -1 -1 -1 -1 -1 -1 -1 -1 6 -1 -1 -1 -1 -1 -1 -1 5 2 8 -1 -1 -1 -1 -1 1 -1 9 -1 -1 -1 -1 -1 -1 -1 -1 -1 7 -1 -1 -1 -1 4 -1 -1 -1 -1 1 -1 4 -1 -1 -1 4 2 -1 -1 -1 6 -1 -1 -1 8 7 -1 -1 -1 -1 -1 -1 -1 6 -1 -1 -1 -1 -1 -1 -1 -1 1 -1 -1 -1 -1 -1 -1 -1 5 8 -1 -1 6 8 -1 -1 -1 1 -1 2 -1 6 -1 10 -1 -1 -1 2 -1 -1 -1 -1 -1 -1 -1 -1 -1 -1 -1 -1 -1 -1 -1 -1 -1 -1 -1 -1 -1 -1 -1 -1 -1 5 5 -1 3 2 -1 -1 -1 -1 -1 -1 -1 -1 -1 -1 -1 6 -1 5 -1 -1 -1 -1 -1 -1 -1 2 -1 -1 -1 -1 5 -1 7 -1 -1 -1 -1 -1 -1 -1 -1 -1 3 -1 -1 -1 -1 -1 -1 -1 2 6 -1 9 -1 -1 -1 -1 -1 3 -1 -1 -1 -1 -1 -1 9 -1 -1 -1 4 8 -1 -1 -1 -1 9 -1 -1 -1 -1 1 -1 6 -1 -1 -1 -1 -1 -1 -1 -1 -1 6 -1 -1 -1 -1 -1 -1 -1 -1 -1 -1 -1 -1 -1 -1 -1 7 6 -1 -1 -1 -1 -1 -1 6 10 5 -1 -1 -1 -1 -1 -1 -1 -1 5 -1 -1 -1 -1 -1 -1 10 -1 -1 -1 
447
-1-1 -1 -1 -1 -1 -1 -1 -1 -1 8 -1 -1 6 -1 -1 -1 -1 -1 -1 -1 -1 -1 -1 -1 -1 2 -1 -1 -1 -1 -1 8 -1 -1 8 4 -1 -1 -1 -1 -1 -1 -1 -1 1 -1 5 -1 -1 -1 -1 -1 -1 -1 -1 -1 -1 -1 -1 -1 10 -1 -1 -1 -1 -1 -1 -1 -1 -1 -1 -1 -1 -1 -1 -1 8 -1 -1 -1 -1 -1 8 -1 -1 -1 -1 -1 -1 -1 -1 -1 -1 9 -1 -1 -1 -1 -1 -1 -1 -1 -1 -1 -1 -1 4 -1 2 -1 -1 -1 -1 -1 -1 -1 -1 -1 5 -1 7 -1 -1 -1 -1 -1 -1 -1 -1 1 -1 -1 -1 -1 -1 -1 -1 -1 6 -1 -1 10 -1 -1 -1 -1 -1 -1 -1 -1 7 -1 -1 6 -1 6 -1 6 3 -1 -1 -1 -1 -1 -1 -1 -1 -1 -1 -1 -1 8 4 -1 -1 -1 -1 -1 -1 -1 -1 -1 -1 4 -1 -1 -1 -1 -1 -1 -1 -1 -1 -1 -1 2 -1 -1 -1 -1 -1 -1 -1 1 1 -1 -1 9 -1 6 10 -1 -1 -1 -1 -1 -1 -1 -1 -1 -1 -1 7 -1 -1 -1 -1 -1 -1 1 10 5 6 -1 -1 -1 -1 -1 -1 -1 -1 -1 -1 -1 -1 -1 -1 -1 -1 10 -1 -1 3 -1 -1 10 -1 3 -1 -1 -1 -1 1 -1 -1 -1 6 -1 -1 -1 10 -1 -1 -1 8 -1 -1 -1 -1 -1 -1 -1 -1 -1 3 -1 -1 4 -1 -1 9 -1 -1 5 -1 -1 -1 -1 -1 -1 -1 10 -1 -1 -1 -1 -1 -1 8 -1 1 -1 -1 -1 -1 -1 -1 -1 1 -1 -1 9 -1 -1 -1 -1 -1 -1 -1 -1 -1 -1 -1 -1 -1 7 -1 -1 -1 -1 -1 -1 -1 -1 -1 -1 -1 -1 -1 6 -1 -1 -1 -1 -1 -1 -1 -1 -1 -1 10 -1 -1 -1 -1 -1 -1 -1 -1 -1 3 -1 -1 -1 -1 1 -1 9 3 -1 -1 5 -1 -1 2 -1 -1 3 -1 -1 -1 -1 3 -1 -1 -1 -1 -1 -1 -1 8 -1 -1 -1 -1 8 5 -1 -1 -1 -1 -1 -1 -1 5 1 -1 -1 -1 -1 -1 -1 -1 -1 -1 -1 4 -1 -1 -1 3 -1 -1 -1 -1 -1 -1 -1 -1 -1 -1 -1 -1 -1 -1 -1 
711
-1-1 -1 -1 -1 5 -1 -1 -1 -1 -1 -1 -1 -1 -1 -1 5 -1 -1 -1 -1 -1 -1 -1 -1 -1 8 -1 -1 -1 -1 -1 -1 -1 -1 -1 -1 -1 -1 3 -1 -1 5 9 -1 -1 -1 -1 -1 -1 -1 -1 -1 -1 1 6 -1 -1 -1 -1 -1 -1 -1 -1 -1 -1 8 -1 1 -1 -1 -1 1 -1 4 -1 -1 10 -1 -1 1 6 -1 -1 -1 -1 -1 -1 -1 -1 -1 -1 3 -1 -1 -1 -1 -1 -1 -1 -1 -1 -1 -1 -1 -1 5 -1 -1 -1 -1 -1 -1 -1 -1 -1 -1 9 -1 -1 -1 3 -1 -1 2 -1 -1 -1 -1 -1 -1 -1 -1 -1 -1 -1 -1 -1 -1 -1 -1 5 -1 -1 -1 -1 -1 9 -1 10 -1 -1 -1 -1 -1 -1 -1 -1 7 -1 -1 -1 -1 -1 -1 -1 2 -1 -1 -1 -1 -1 -1 -1 -1 6 -1 8 -1 -1 -1 4 -1 1 -1 -1 -1 9 -1 -1 -1 -1 -1 -1 -1 -1 -1 -1 -1 -1 -1 -1 6 -1 7 -1 -1 -1 -1 -1 -1 9 -1 -1 -1 -1 -1 -1 -1 -1 -1 -1 -1 -1 -1 -1 -1 5 -1 -1 -1 -1 -1 -1 -1 -1 -1 -1 -1 4 6 10 -1 -1 3 -1 -1 -1 -1 -1 -1 -1 1 -1 -1 8 -1 6 -1 -1 -1 -1 8 -1 -1 -1 -1 -1 -1 -1 -1 -1 -1 -1 -1 -1 3 -1 -1 7 -1 -1 -1 -1 -1 -1 -1 -1 -1 -1 -1 -1 -1 -1 -1 -1 -1 8 1 -1 -1 -1 -1 -1 -1 -1 -1 1 -1 6 -1 -1 -1 -1 -1 1 -1 3 -1 8 5 -1 -1 -1 -1 5 -1 -1 -1 -1 -1 -1 1 -1 -1 2 -1 -1 -1 -1 -1 2 -1 -1 10 9 6 -1 -1 -1 8 4 -1 -1 -1 -1 -1 -1 -1 -1 -1 -1 4 -1 -1 -1 -1 -1 -1 2 4 -1 2 6 -1 -1 -1 1 -1 -1 -1 -1 3 -1 -1 -1 -1 -1 10 -1 -1 -1 -1 -1 -1 9 -1 -1 -1 -1 9 -1 -1 5 -1 -1 -1 -1 -1 -1 -1 -1 5 7 -1 -1 -1 -1 -1 -1 -1 -1 -1 -1 -1 6 10 -1 -1 -1 -1 -1 -1 -1 -1 -1 -1 4 -1 -1 -1 -1 -1 -1 -1 -1 -1 -1 -1 -1 -1 -1 1 -1 -1 -1 -1 -1 -1 -1 -1 -1 -1 -1 -1 -1 -1 -1 -1 -1 -1 3 -1 -1 4 7 -1 -1 -1 -1 -1 9 -1 -1 -1 9 9 1 -1 -1 -1 -1 2 -1 -1 -1 -1 -1 -1 -1 -1 -1 -1 -1 -1 -1 -1 -1 2 -1 -1 1 4 -1 -1 9 8 -1 -1 -1 -1 10 -1 -1 -1 -1 -1 6 5 -1 -1 -1 -1 -1 4 -1 10 -1 -1 -1 -1 -1 10 -1 -1 -1 -1 -1 -1 -1 -1 -1 -1 -1 -1 6 -1 -1 -1 8 -1 -1 -1 -1 -1 -1 -1 -1 8 -1 -1 -1 -1 -1 7 -1 2 -1 -1 6 -1 8 -1 -1 -1 -1 -1 -1 5 -1 10 -1 -1 6 -1 6 -1 -1 -1 -1 -1 -1 3 -1 -1 -1 -1 -1 -1 -1 -1 -1 -1 3 -1 -1 -1 -1 -1 -1 -1 -1 -1 -1 -1 -1 -1 -1 -1 -1 6 10 -1 -1 2 -1 -1 -1 1 8 -1 -1 -1 6 -1 -1 6 -1 -1 -1 -1 -1 -1 5 -1 -1 -1 4 -1 -1 -1 -1 -1 -1 -1 -1 -1 -1 -1 -1 -1 -1 -1 -1 -1 -1 -1 2 -1 -1 -1 -1 -1 -1 -1 -1 -1 -1 -1 -1 -1 -1 -1 -1 -1 -1 -1 1 4 4 -1 -1 -1 -1 -1 -1 8 -1 -1 -1 -1 
793
2-1 -1 -1 7 -1 2 -1 -1 -1 -1 -1 -1 -1 -1 -1 -1 -1 -1 2 -1 -1 -1 -1 -1 -1 -1 -1 4 -1 -1 8 -1 -1 -1 -1 -1 -1 -1 -1 -1 -1 -1 -1 -1 -1 -1 -1 -1 -1 -1 -1 -1 3 10 -1 -1 -1 -1 -1 -1 -1 9 -1 -1 -1 -1 7 -1 -1 -1 -1 -1 -1 -1 -1 -1 -1 -1 -1 -1 -1 -1 -1 -1 -1 -1 6 -1 -1 -1 -1 9 -1 10 9 -1 -1 -1 -1 -1 -1 5 -1 -1 2 -1 -1 2 6 -1 -1 -1 -1 -1 -1 -1 10 5 8 -1 -1 -1 -1 -1 -1 7 -1 -1 -1 4 10 -1 -1 -1 -1 -1 -1 -1 -1 -1 -1 -1 -1 -1 -1 -1 -1 2 10 4 10 -1 -1 -1 4 -1 -1 -1 -1 -1 -1 -1 3 -1 9 -1 -1 -1 -1 -1 -1 -1 -1 -1 -1 -1 8 -1 -1 6 4 -1 1 10 -1 10 -1 3 -1 -1 -1 -1 -1 5 -1 -1 -1 -1 5 -1 -1 -1 9 -1 8 -1 8 -1 -1 -1 -1 -1 -1 -1 -1 -1 -1 -1 -1 8 3 -1 -1 -1 -1 -1 10 -1 -1 -1 -1 -1 -1 -1 -1 -1 -1 -1 -1 -1 3 -1 -1 -1 -1 7 -1 1 -1 -1 -1 1 1 -1 -1 -1 -1 3 -1 -1 1 -1 -1 -1 -1 -1 -1 -1 -1 -1 -1 -1 -1 -1 -1 7 -1 6 9 -1 -1 -1 -1 9 -1 -1 3 -1 -1 7 10 -1 -1 -1 -1 -1 -1 3 -1 -1 -1 -1 6 -1 -1 10 -1 -1 -1 -1 -1 -1 -1 -1 -1 -1 -1 -1 -1 -1 -1 -1 -1 -1 10 -1 3 3 -1 -1 -1 -1 -1 -1 -1 -1 -1 -1 -1 -1 -1 -1 -1 -1 -1 -1 3 -1 -1 -1 -1 2 -1 -1 -1 -1 -1 -1 1 -1 -1 -1 1 -1 1 -1 -1 -1 -1 -1 5 -1 -1 -1 -1 -1 -1 -1 -1 -1 10 -1 -1 -1 -1 -1 -1 1 -1 -1 -1 -1 -1 3 -1 -1 4 -1 -1 -1 -1 -1 -1 -1 -1 -1 -1 9 -1 -1 -1 -1 -1 -1 -1 -1 -1 -1 -1 -1 -1 5 -1 -1 -1 8 -1 7 -1 -1 -1 -1 -1 -1 -1 -1 -1 6 -1 -1 -1 -1 -1 8 4 -1 -1 -1 -1 8 5 -1 -1 5 -1 -1 -1 -1 3 -1 -1 -1 -1 -1 -1 -1 -1 -1 -1 -1 -1 -1 3 -1 -1 -1 3 -1 -1 -1 2 6 -1 -1 -1 10 -1 1 9 -1 -1 2 -1 -1 -1 -1 -1 -1 -1 -1 -1 -1 -1 -1 -1 -1 -1 -1 -1 -1 2 -1 -1 -1 8 -1 -1 -1 -1 -1 -1 -1 3 -1 -1 -1 8 4 -1 6 -1 -1 -1 -1 -1 -1 2 9 -1 -1 -1 -1 -1 -1 -1 -1 -1 -1 -1 -1 -1 -1 -1 -1 -1 -1 -1 1 3 -1 -1 10 -1 -1 3 -1 -1 -1 6 -1 7 -1 -1 -1 -1 -1 8 10 -1 -1 -1 -1 9 -1 -1 -1 -1 -1 -1 -1 -1 -1 -1 10 -1 -1 -1 9 -1 -1 -1 -1 -1 1 -1 -1 -1 4 -1 -1 4 -1 -1 -1 -1 -1 -1 -1 -1 -1 10 -1 9 2 9 -1 -1 -1 -1 2 -1 -1 -1 -1 -1 -1 -1 -1 4 -1 -1 -1 -1 -1 -1 -1 -1 -1 -1 -1 -1 -1 9 -1 6 -1 -1 -1 -1 5 -1 -1 -1 7 -1 -1 -1 -1 -1 -1 4 -1 4 -1 -1 -1 1 -1 -1 -1 -1 -1 -1 -1 -1 5 -1 -1 -1 5 -1 1 -1 -1 -1 -1 -1 -1 -1 -1 -1 -1 -1 -1 -1 -1 -1 -1 -1 -1 -1 -1 -1 8 -1 5 -1 -1 -1 1 -1 4 -1 -1 -1 -1 -1 -1 7 -1 -1 -1 -1 -1 -1 -1 -1 -1 -1 -1 -1 -1 -1 -1 -1 -1 -1 8 -1 2 -1 -1 -1 -1 -1 -1 -1 -1 -1 -1 9 -1 -1 -1 -1 5 -1 -1 -1 5 8 -1 -1 -1 -1 -1 9 8 -1 4 -1 -1 -1 -1 -1 -1 -1 -1 3 -1 -1 -1 
401
-1-1 -1 -1 -1 -1 -1 -1 -1 -1 1 -1 -1 -1 -1 -1 -1 -1 -1 -1 -1 7 -1 -1 -1 -1 -1 -1 -1 -1 -1 -1 -1 -1 3 -1 -1 -1 7 -1 6 -1 -1 -1 10 -1 -1 -1 1 -1 -1 -1 -1 8 -1 -1 -1 8 -1 -1 -1 -1 -1 -1 8 -1 -1 -1 5 -1 -1 -1 -1 -1 -1 -1 -1 -1 -1 -1 -1 -1 -1 -1 -1 -1 -1 -1 9 -1 -1 -1 -1 -1 -1 -1 -1 1 -1 -1 -1 -1 -1 -1 -1 -1 -1 -1 -1 -1 -1 -1 -1 1 -1 -1 -1 -1 -1 -1 2 7 3 -1 -1 -1 -1 -1 -1 -1 -1 -1 -1 -1 -1 -1 -1 5 -1 10 -1 9 -1 -1 -1 -1 -1 -1 -1 2 -1 -1 4 10 -1 -1 -1 -1 -1 6 -1 -1 -1 -1 -1 -1 -1 -1 -1 -1 8 -1 -1 4 -1 -1 7 -1 -1 -1 -1 -1 -1 -1 -1 -1 -1 -1 -1 -1 -1 -1 -1 -1 2 -1 -1 -1 -1 2 -1 9 5 -1 -1 -1 10 7 8 4 -1 -1 -1 9 -1 -1 -1 -1 -1 -1 -1 -1 -1 -1 9 -1 -1 -1 -1 -1 -1 -1 5 -1 -1 2 -1 -1 -1 6 -1 -1 -1 -1 -1 -1 -1 -1 -1 -1 -1 -1 -1 -1 -1 -1 9 10 -1 6 -1 -1 -1 -1 -1 -1 6 -1 8 10 -1 -1 -1 9 -1 4 -1 -1 -1 -1 -1 -1 -1 -1 -1 -1 -1 -1 -1 -1 -1 -1 7 -1 -1 6 -1 5 -1 -1 10 6 -1 -1 -1 10 -1 -1 -1 -1 -1 -1 -1 -1 -1 -1 3 -1 -1 -1 -1 9 -1 -1 -1 -1 -1 -1 3 2 7 5 -1 -1 -1 -1 -1 -1 4 -1 -1 -1 -1 -1 -1 -1 -1 -1 -1 -1 -1 -1 -1 -1 -1 1 -1 -1 -1 -1 -1 -1 -1 -1 10 -1 -1 -1 1 7 7 -1 -1 6 6 7 -1 -1 -1 -1 2 -1 -1 10 -1 -1 -1 1 -1 -1 -1 5 -1 -1 9 -1 -1 -1 -1 -1 -1 
634
-19 -1 -1 -1 -1 -1 -1 -1 -1 7 -1 -1 -1 -1 -1 4 -1 -1 -1 -1 -1 -1 -1 -1 -1 -1 -1 -1 6 -1 6 -1 -1 -1 -1 -1 -1 -1 -1 3 -1 -1 -1 -1 -1 -1 -1 -1 4 -1 -1 -1 -1 -1 -1 -1 -1 -1 -1 -1 -1 -1 -1 -1 -1 -1 -1 -1 8 -1 -1 -1 -1 -1 1 -1 -1 -1 -1 -1 -1 -1 -1 -1 -1 -1 1 -1 -1 -1 -1 -1 -1 -1 7 -1 -1 -1 7 -1 -1 -1 -1 5 -1 -1 -1 -1 -1 -1 -1 -1 -1 -1 -1 -1 -1 2 -1 8 3 3 -1 -1 -1 -1 -1 -1 -1 -1 -1 -1 -1 4 2 -1 -1 -1 -1 4 5 -1 -1 -1 -1 -1 -1 6 -1 -1 5 -1 -1 -1 -1 -1 -1 -1 -1 -1 -1 8 -1 -1 -1 2 -1 -1 -1 -1 -1 -1 -1 -1 -1 -1 -1 -1 -1 -1 -1 -1 5 -1 2 -1 -1 -1 -1 -1 -1 8 -1 -1 3 -1 -1 -1 -1 -1 -1 -1 -1 -1 6 -1 -1 -1 -1 -1 -1 -1 -1 8 -1 -1 -1 -1 -1 8 7 -1 7 -1 -1 -1 -1 -1 -1 -1 -1 9 -1 -1 7 10 -1 -1 -1 -1 -1 -1 -1 -1 -1 -1 -1 -1 -1 -1 -1 -1 -1 -1 6 -1 -1 3 -1 -1 -1 -1 -1 -1 2 2 -1 -1 -1 -1 -1 -1 -1 1 -1 -1 -1 -1 -1 -1 10 -1 -1 -1 -1 -1 -1 4 -1 9 -1 -1 -1 -1 -1 -1 -1 -1 -1 -1 -1 7 -1 -1 -1 -1 -1 -1 -1 -1 -1 -1 -1 -1 -1 -1 9 6 -1 -1 -1 -1 -1 -1 -1 -1 -1 -1 -1 -1 -1 -1 -1 -1 -1 -1 -1 -1 -1 -1 -1 -1 -1 -1 -1 -1 -1 -1 -1 -1 -1 -1 -1 -1 -1 -1 -1 -1 10 -1 -1 -1 -1 -1 -1 -1 -1 -1 -1 -1 -1 -1 -1 -1 -1 -1 9 -1 -1 -1 -1 -1 -1 -1 10 8 5 -1 -1 -1 -1 7 -1 -1 -1 7 -1 -1 -1 -1 -1 -1 -1 6 1 -1 5 -1 -1 -1 -1 -1 -1 -1 -1 -1 -1 10 -1 -1 1 -1 -1 -1 -1 -1 -1 -1 -1 -1 2 -1 8 -1 -1 -1 3 9 -1 -1 -1 -1 -1 -1 -1 -1 2 10 -1 -1 -1 -1 3 1 -1 -1 5 7 -1 -1 -1 6 -1 5 -1 -1 6 -1 10 -1 -1 -1 -1 8 -1 -1 1 -1 -1 -1 -1 -1 -1 -1 -1 -1 -1 -1 -1 4 -1 4 -1 -1 -1 -1 -1 -1 -1 -1 -1 -1 -1 -1 -1 -1 -1 3 -1 -1 -1 -1 -1 -1 -1 -1 -1 -1 5 -1 -1 6 -1 -1 -1 -1 -1 -1 -1 -1 -1 -1 -1 3 -1 -1 -1 -1 -1 -1 -1 -1 -1 -1 -1 -1 -1 5 -1 -1 -1 -1 -1 -1 -1 -1 9 -1 -1 -1 -1 -1 7 -1 -1 -1 -1 3 8 -1 -1 2 -1 -1 -1 -1 9 -1 -1 2 -1 10 -1 4 -1 -1 -1 4 -1 -1 -1 -1 3 -1 -1 -1 10 -1 -1 -1 -1 -1 -1 7 -1 -1 -1 -1 -1 -1 -1 -1 -1 -1 -1 1 -1 -1 -1 -1 -1 -1 8 -1 1 -1 -1 -1 -1 -1 -1 -1 -1 
131
-1-1 10 -1 -1 -1 -1 -1 -1 -1 -1 -1 -1 -1 -1 -1 -1 -1 -1 5 -1 -1 -1 -1 -1 -1 -1 -1 -1 -1 -1 -1 -1 3 -1 -1 -1 -1 -1 -1 -1 10 -1 -1 -1 -1 -1 -1 10 -1 -1 -1 -1 -1 -1 1 -1 -1 -1 -1 -1 -1 -1 -1 5 -1 10 10 -1 8 2 -1 7 -1 -1 -1 -1 -1 -1 -1 -1 6 1 -1 6 -1 -1 -1 -1 -1 -1 -1 -1 -1 -1 -1 -1 -1 -1 -1 -1 1 -1 -1 -1 -1 4 -1 -1 -1 -1 8 -1 1 -1 10 -1 -1 -1 6 2 -1 -1 -1 6 -1 -1 -1 -1 -1 -1 
773
-1-1 -1 -1 -1 -1 -1 -1 -1 -1 -1 -1 -1 -1 7 7 -1 -1 8 -1 -1 -1 1 -1 7 -1 7 10 -1 -1 -1 -1 3 -1 -1 7 -1 -1 -1 -1 8 -1 -1 4 3 -1 -1 -1 -1 -1 -1 -1 -1 -1 9 -1 -1 -1 6 -1 -1 -1 -1 -1 -1 5 -1 3 -1 -1 8 -1 -1 -1 7 -1 -1 -1 -1 -1 -1 -1 -1 -1 -1 -1 -1 -1 -1 -1 -1 -1 -1 2 -1 -1 -1 -1 -1 -1 -1 -1 -1 -1 -1 9 -1 -1 -1 -1 -1 -1 -1 -1 -1 -1 -1 -1 -1 -1 4 -1 -1 -1 -1 -1 -1 -1 -1 -1 -1 -1 -1 -1 -1 -1 -1 -1 -1 -1 -1 -1 -1 -1 -1 -1 -1 -1 -1 -1 -1 -1 -1 -1 -1 -1 -1 -1 -1 -1 -1 -1 -1 -1 -1 -1 -1 9 -1 -1 -1 -1 -1 -1 -1 -1 -1 -1 -1 -1 -1 -1 -1 -1 -1 -1 -1 -1 -1 -1 -1 -1 -1 9 -1 -1 -1 -1 -1 7 -1 4 -1 6 -1 -1 -1 -1 -1 4 -1 -1 8 -1 -1 -1 -1 -1 -1 -1 -1 -1 2 -1 -1 -1 -1 -1 -1 9 -1 -1 -1 -1 -1 -1 7 -1 -1 -1 6 -1 -1 -1 1 -1 1 -1 4 -1 -1 -1 -1 -1 -1 -1 -1 -1 -1 -1 -1 -1 -1 -1 -1 7 -1 -1 -1 -1 -1 10 -1 -1 -1 -1 -1 -1 -1 -1 -1 -1 -1 -1 6 -1 -1 -1 -1 5 -1 -1 -1 9 -1 2 3 -1 5 -1 -1 8 -1 -1 -1 4 -1 -1 7 -1 -1 8 -1 4 -1 4 -1 -1 3 -1 -1 -1 -1 -1 -1 -1 -1 -1 -1 3 -1 -1 6 -1 -1 1 2 -1 2 -1 6 -1 5 -1 -1 -1 -1 -1 -1 -1 -1 -1 -1 -1 -1 -1 -1 4 -1 -1 -1 -1 -1 -1 -1 -1 -1 -1 5 -1 -1 -1 7 -1 -1 9 6 -1 -1 -1 5 -1 -1 -1 -1 -1 -1 -1 -1 -1 -1 -1 -1 6 -1 -1 -1 -1 -1 9 -1 -1 7 -1 -1 -1 -1 -1 -1 -1 -1 -1 -1 -1 -1 -1 -1 7 -1 -1 -1 7 -1 -1 -1 -1 -1 -1 -1 -1 -1 -1 -1 -1 -1 -1 -1 -1 -1 -1 -1 -1 2 -1 8 -1 -1 10 -1 -1 7 2 -1 3 -1 -1 -1 -1 -1 -1 -1 -1 -1 -1 -1 -1 -1 -1 -1 -1 -1 -1 1 -1 -1 -1 -1 -1 -1 -1 3 -1 -1 -1 8 -1 -1 9 -1 -1 -1 -1 -1 -1 -1 -1 -1 -1 -1 -1 -1 -1 -1 -1 -1 -1 -1 8 -1 -1 -1 -1 -1 6 -1 -1 -1 -1 -1 -1 -1 -1 -1 -1 -1 -1 7 -1 -1 -1 -1 -1 10 -1 -1 -1 -1 -1 -1 -1 -1 -1 -1 -1 -1 -1 7 -1 -1 -1 -1 -1 -1 -1 8 -1 -1 -1 -1 -1 -1 -1 7 -1 -1 -1 -1 -1 -1 -1 6 -1 -1 -1 -1 -1 -1 -1 -1 -1 -1 -1 -1 -1 9 -1 -1 -1 -1 -1 -1 -1 -1 -1 -1 -1 -1 -1 -1 -1 -1 -1 -1 -1 -1 -1 -1 7 -1 -1 -1 -1 6 -1 7 6 3 10 -1 -1 9 -1 -1 -1 -1 -1 -1 -1 3 -1 -1 -1 -1 -1 -1 -1 -1 -1 -1 -1 -1 -1 6 -1 -1 8 -1 7 -1 -1 -1 -1 -1 -1 1 -1 -1 -1 10 9 -1 -1 -1 -1 -1 -1 -1 -1 -1 -1 6 -1 -1 -1 -1 -1 -1 -1 -1 6 -1 -1 -1 -1 -1 -1 -1 -1 5 6 -1 -1 -1 -1 -1 -1 10 1 -1 -1 -1 -1 -1 -1 -1 10 -1 -1 9 -1 5 -1 -1 -1 -1 -1 -1 -1 8 10 -1 2 -1 -1 -1 -1 -1 -1 -1 -1 -1 -1 10 -1 -1 -1 -1 -1 -1 -1 -1 -1 -1 -1 -1 -1 3 -1 -1 4 -1 -1 -1 -1 -1 -1 -1 -1 5 -1 -1 -1 -1 -1 -1 -1 -1 -1 -1 -1 -1 -1 -1 
23
-1-1 8 -1 -1 -1 -1 -1 -1 -1 -1 -1 -1 -1 -1 -1 -1 9 8 -1 -1 -1 -1 
308
-1-1 -1 -1 2 -1 -1 -1 -1 -1 4 -1 -1 -1 -1 -1 -1 -1 6 -1 -1 -1 -1 -1 2 7 -1 -1 -1 -1 -1 -1 -1 -1 -1 -1 -1 -1 -1 -1 -1 1 -1 -1 -1 -1 10 -1 -1 -1 10 -1 -1 -1 -1 -1 -1 5 -1 -1 -1 -1 -1 -1 -1 7 -1 -1 -1 5 -1 -1 -1 -1 -1 -1 -1 6 -1 -1 -1 -1 -1 -1 -1 -1 -1 -1 -1 -1 -1 -1 -1 -1 1 -1 -1 -1 2 9 -1 -1 -1 -1 -1 -1 -1 -1 -1 -1 -1 -1 -1 3 -1 -1 -1 -1 -1 -1 -1 -1 -1 -1 -1 -1 8 -1 -1 3 -1 -1 -1 -1 -1 5 -1 -1 -1 -1 -1 10 -1 1 -1 -1 -1 -1 -1 8 -1 -1 1 -1 -1 -1 10 -1 4 -1 -1 3 7 -1 8 -1 -1 -1 -1 -1 -1 -1 -1 10 -1 -1 -1 -1 -1 -1 -1 5 -1 -1 -1 -1 -1 -1 -1 -1 -1 -1 4 -1 -1 -1 -1 -1 -1 -1 -1 -1 -1 -1 4 -1 -1 -1 2 -1 5 -1 -1 -1 -1 -1 -1 -1 -1 -1 -1 -1 -1 -1 -1 -1 -1 -1 8 -1 3 -1 6 -1 -1 -1 9 -1 -1 -1 -1 -1 -1 -1 9 8 -1 -1 7 -1 -1 10 -1 -1 -1 -1 -1 -1 -1 -1 -1 -1 -1 -1 -1 4 -1 -1 -1 -1 -1 10 -1 -1 -1 -1 5 -1 -1 -1 -1 -1 -1 -1 -1 -1 8 5 -1 10 -1 -1 -1 -1 -1 -1 -1 -1 -1 -1 -1 -1 -1 -1 5 -1 9 -1 
360
-1-1 -1 10 6 -1 4 -1 -1 -1 -1 -1 -1 -1 6 -1 -1 -1 -1 -1 -1 3 -1 -1 -1 -1 -1 10 -1 -1 -1 -1 -1 7 9 6 8 -1 -1 -1 2 -1 -1 -1 -1 -1 -1 -1 1 -1 -1 2 6 -1 -1 -1 -1 -1 -1 -1 -1 10 -1 2 -1 -1 -1 -1 5 -1 -1 10 -1 -1 -1 -1 -1 -1 -1 -1 -1 -1 -1 3 -1 -1 -1 1 -1 5 -1 3 -1 -1 10 -1 -1 -1 -1 -1 -1 5 3 -1 -1 -1 -1 7 -1 -1 -1 -1 6 -1 -1 5 -1 -1 -1 -1 -1 -1 -1 -1 -1 -1 -1 -1 -1 -1 -1 -1 -1 -1 -1 -1 -1 8 -1 -1 -1 -1 -1 -1 -1 -1 -1 -1 4 -1 -1 -1 7 -1 -1 -1 -1 -1 -1 -1 -1 7 -1 -1 -1 8 3 -1 6 -1 -1 -1 -1 -1 -1 -1 -1 -1 -1 -1 -1 7 -1 -1 5 -1 4 -1 -1 -1 4 -1 -1 -1 -1 -1 -1 -1 -1 -1 4 1 -1 2 -1 -1 -1 1 -1 -1 -1 -1 5 -1 -1 -1 -1 -1 -1 -1 -1 -1 -1 -1 -1 -1 -1 -1 -1 -1 -1 5 -1 -1 2 -1 -1 -1 -1 6 -1 -1 -1 -1 10 -1 -1 -1 -1 -1 -1 -1 -1 -1 -1 -1 -1 9 -1 10 -1 -1 -1 1 -1 -1 -1 -1 -1 -1 -1 -1 -1 7 5 -1 -1 -1 -1 -1 -1 10 -1 3 -1 -1 -1 -1 -1 8 -1 2 8 3 -1 -1 -1 -1 -1 -1 -1 -1 -1 4 -1 -1 -1 -1 4 -1 -1 -1 -1 8 -1 -1 -1 6 -1 -1 -1 -1 -1 -1 -1 -1 -1 1 -1 -1 -1 -1 -1 -1 -1 4 -1 3 -1 -1 -1 -1 -1 -1 8 -1 -1 -1 5 -1 1 -1 -1 -1 10 -1 -1 -1 7 -1 
877
-1-1 -1 -1 1 -1 6 -1 10 1 -1 -1 9 -1 9 -1 -1 5 1 8 -1 -1 -1 -1 8 -1 -1 9 -1 5 -1 -1 -1 -1 8 -1 -1 -1 -1 7 -1 -1 -1 -1 6 -1 -1 -1 -1 -1 -1 -1 -1 -1 -1 2 -1 -1 -1 -1 -1 -1 -1 -1 -1 -1 -1 -1 -1 -1 -1 -1 -1 -1 -1 -1 -1 -1 6 -1 -1 -1 1 -1 -1 -1 -1 -1 -1 -1 -1 -1 -1 -1 4 -1 -1 -1 -1 -1 -1 -1 -1 -1 -1 -1 -1 -1 -1 -1 -1 1 -1 -1 -1 -1 -1 -1 -1 -1 -1 -1 -1 -1 -1 -1 -1 -1 -1 -1 -1 -1 -1 -1 -1 -1 6 -1 -1 -1 -1 8 1 -1 1 -1 -1 -1 -1 10 -1 3 -1 -1 -1 -1 -1 -1 -1 6 -1 -1 -1 -1 9 2 6 -1 -1 -1 -1 -1 8 -1 -1 -1 -1 10 -1 -1 10 -1 -1 -1 -1 2 -1 -1 -1 -1 1 -1 -1 -1 -1 -1 -1 -1 -1 -1 -1 -1 -1 -1 -1 -1 -1 -1 -1 -1 -1 3 -1 -1 -1 -1 8 -1 -1 -1 -1 -1 -1 10 -1 -1 4 -1 4 6 -1 -1 2 3 -1 -1 -1 -1 -1 -1 -1 -1 -1 -1 -1 -1 -1 -1 -1 -1 -1 -1 -1 1 2 -1 3 -1 -1 -1 -1 1 -1 -1 -1 -1 -1 6 -1 -1 -1 -1 -1 -1 -1 -1 -1 -1 -1 -1 -1 -1 -1 -1 -1 -1 -1 -1 -1 -1 -1 -1 -1 -1 9 9 -1 -1 -1 -1 -1 -1 -1 -1 -1 -1 -1 -1 -1 -1 -1 -1 -1 -1 10 -1 -1 8 -1 -1 -1 5 -1 -1 6 -1 -1 -1 -1 -1 -1 -1 -1 -1 7 -1 -1 -1 -1 -1 -1 -1 -1 -1 -1 -1 -1 -1 6 -1 -1 -1 -1 -1 -1 -1 -1 -1 -1 -1 -1 -1 -1 -1 -1 -1 -1 -1 -1 6 -1 -1 -1 -1 -1 -1 -1 4 4 -1 -1 9 -1 -1 -1 -1 -1 -1 -1 -1 -1 4 -1 -1 -1 2 4 -1 -1 -1 -1 -1 -1 2 -1 -1 8 -1 -1 1 -1 -1 -1 -1 9 -1 -1 3 -1 -1 -1 -1 -1 7 7 -1 4 2 -1 8 -1 1 9 -1 -1 -1 -1 -1 2 -1 -1 -1 -1 -1 -1 -1 -1 -1 -1 -1 -1 -1 -1 -1 -1 -1 -1 -1 2 -1 -1 -1 -1 -1 -1 -1 -1 -1 -1 -1 -1 -1 -1 -1 -1 -1 -1 6 -1 -1 10 -1 -1 -1 -1 -1 -1 2 -1 -1 -1 -1 -1 -1 -1 -1 -1 -1 -1 -1 -1 -1 -1 -1 -1 3 -1 -1 -1 -1 -1 -1 -1 -1 -1 -1 -1 -1 -1 -1 -1 -1 -1 -1 10 -1 6 -1 -1 -1 -1 -1 -1 -1 -1 -1 -1 -1 -1 4 -1 -1 -1 -1 -1 -1 5 -1 -1 5 -1 -1 -1 -1 6 -1 -1 7 -1 -1 -1 -1 -1 4 -1 -1 -1 -1 -1 1 -1 -1 -1 -1 6 -1 -1 -1 -1 8 -1 7 -1 -1 -1 -1 -1 -1 -1 -1 -1 -1 -1 1 -1 -1 -1 -1 -1 -1 -1 -1 3 -1 -1 -1 9 -1 -1 -1 -1 -1 7 -1 -1 -1 -1 2 -1 -1 -1 -1 -1 5 6 -1 -1 -1 -1 -1 3 -1 -1 -1 -1 -1 -1 -1 -1 -1 8 -1 -1 -1 -1 -1 -1 -1 -1 -1 9 -1 -1 -1 -1 -1 -1 5 -1 -1 -1 -1 -1 1 9 -1 -1 -1 -1 5 4 1 -1 -1 -1 -1 3 -1 2 -1 7 4 -1 -1 -1 2 -1 -1 -1 -1 -1 7 3 -1 -1 -1 -1 -1 7 -1 -1 -1 -1 -1 -1 -1 -1 -1 5 -1 -1 -1 -1 -1 -1 -1 -1 -1 -1 -1 -1 -1 -1 -1 -1 -1 2 -1 -1 -1 -1 7 -1 -1 -1 -1 -1 3 -1 -1 -1 -1 -1 -1 -1 -1 -1 3 -1 8 6 -1 -1 -1 -1 -1 3 -1 -1 -1 -1 -1 -1 6 -1 -1 -1 -1 -1 -1 -1 -1 -1 -1 -1 -1 -1 -1 10 -1 5 -1 -1 -1 -1 -1 -1 -1 -1 -1 -1 -1 -1 -1 -1 2 -1 -1 -1 3 -1 -1 -1 -1 -1 -1 -1 -1 -1 -1 -1 7 -1 -1 -1 -1 -1 -1 -1 -1 -1 -1 -1 -1 -1 -1 -1 -1 10 8 -1 -1 -1 -1 -1 -1 -1 -1 -1 -1 -1 -1 10 -1 -1 -1 -1 -1 7 -1 -1 4 -1 1 -1 -1 -1 -1 -1 -1 -1 -1 4 -1 2 -1 -1 -1 -1 6 -1 -1 5 -1 -1 -1 8 
163
-1-1 -1 -1 6 -1 -1 6 -1 -1 4 -1 -1 1 5 7 -1 -1 -1 -1 -1 -1 5 -1 -1 4 -1 -1 -1 -1 -1 -1 -1 -1 -1 -1 -1 -1 -1 -1 -1 -1 5 -1 -1 -1 -1 -1 -1 -1 -1 -1 -1 -1 -1 -1 -1 -1 -1 -1 -1 -1 -1 2 -1 -1 -1 -1 2 -1 -1 -1 -1 -1 -1 -1 -1 4 9 -1 -1 -1 -1 -1 -1 -1 -1 10 -1 -1 -1 -1 -1 -1 -1 -1 -1 -1 -1 -1 -1 -1 -1 -1 -1 10 -1 4 10 -1 -1 -1 -1 -1 -1 -1 -1 4 -1 -1 -1 5 -1 -1 4 -1 -1 -1 -1 -1 7 -1 7 -1 -1 3 -1 -1 -1 -1 -1 -1 -1 -1 -1 -1 -1 -1 3 8 -1 -1 4 -1 -1 8 -1 9 -1 1 -1 -1 -1 
708
-1-1 -1 -1 -1 -1 -1 -1 8 -1 -1 5 -1 -1 -1 -1 -1 -1 -1 -1 -1 -1 -1 -1 -1 -1 -1 1 -1 -1 -1 -1 -1 4 -1 4 -1 -1 -1 -1 -1 -1 -1 7 -1 -1 -1 7 4 -1 -1 -1 -1 -1 -1 -1 -1 -1 10 -1 -1 -1 -1 -1 -1 -1 -1 2 -1 -1 -1 10 2 -1 -1 -1 -1 -1 -1 1 9 -1 -1 -1 -1 -1 -1 -1 -1 -1 1 -1 5 4 -1 -1 -1 -1 -1 -1 4 -1 1 -1 -1 -1 -1 -1 -1 -1 -1 -1 -1 -1 -1 -1 -1 -1 -1 -1 -1 -1 -1 6 -1 -1 -1 -1 -1 -1 -1 1 -1 -1 -1 -1 2 -1 -1 -1 -1 -1 8 -1 -1 7 -1 -1 -1 -1 -1 4 -1 10 -1 -1 -1 -1 -1 -1 -1 -1 -1 -1 -1 -1 -1 -1 -1 -1 -1 -1 10 -1 -1 -1 -1 -1 -1 -1 9 -1 -1 -1 -1 -1 -1 -1 -1 10 -1 -1 6 -1 -1 1 -1 -1 7 -1 -1 -1 -1 -1 -1 -1 -1 -1 -1 -1 -1 4 -1 10 8 -1 -1 -1 -1 -1 -1 -1 -1 -1 7 -1 -1 -1 -1 -1 -1 -1 -1 -1 7 -1 -1 -1 -1 -1 -1 5 -1 2 -1 -1 -1 -1 -1 -1 -1 -1 -1 5 -1 -1 6 -1 6 5 -1 -1 -1 -1 -1 -1 -1 6 -1 2 -1 -1 -1 -1 8 2 -1 -1 -1 7 -1 -1 -1 -1 -1 -1 -1 -1 4 -1 -1 9 6 -1 -1 -1 -1 -1 -1 -1 -1 -1 -1 -1 -1 -1 -1 -1 -1 -1 -1 -1 -1 -1 -1 -1 -1 2 2 -1 -1 -1 -1 -1 -1 -1 -1 -1 -1 -1 -1 8 -1 -1 -1 1 -1 -1 -1 -1 -1 -1 -1 -1 -1 -1 -1 6 7 -1 -1 -1 -1 3 -1 -1 -1 4 -1 -1 -1 -1 -1 2 -1 -1 -1 -1 -1 -1 -1 -1 9 -1 -1 -1 -1 -1 6 -1 -1 2 -1 -1 -1 -1 -1 -1 -1 7 -1 5 -1 -1 -1 -1 -1 -1 -1 -1 6 -1 -1 -1 -1 -1 -1 -1 -1 -1 -1 -1 -1 -1 -1 -1 -1 -1 -1 -1 3 -1 -1 6 -1 -1 10 5 -1 -1 -1 -1 7 -1 -1 -1 -1 2 -1 -1 -1 -1 -1 -1 -1 5 -1 -1 -1 -1 -1 -1 -1 -1 -1 -1 -1 -1 -1 -1 9 -1 -1 -1 -1 -1 -1 -1 7 -1 -1 2 -1 -1 -1 -1 -1 -1 -1 7 -1 -1 -1 -1 -1 -1 -1 -1 8 4 7 -1 -1 9 -1 -1 -1 -1 7 -1 -1 9 -1 3 -1 -1 -1 -1 -1 10 5 -1 -1 -1 -1 -1 3 -1 -1 -1 7 -1 -1 -1 -1 -1 3 -1 1 -1 -1 3 -1 -1 -1 -1 4 -1 -1 -1 1 -1 -1 -1 -1 -1 -1 -1 -1 -1 -1 -1 1 1 -1 -1 -1 -1 -1 -1 7 7 -1 -1 -1 5 -1 -1 -1 -1 -1 1 1 -1 -1 -1 -1 -1 9 6 -1 5 -1 9 -1 -1 -1 -1 8 -1 -1 -1 -1 -1 -1 -1 -1 -1 -1 -1 10 -1 10 -1 -1 -1 -1 -1 -1 -1 -1 -1 -1 -1 6 7 -1 -1 -1 -1 -1 -1 -1 -1 -1 -1 -1 -1 -1 -1 -1 7 -1 -1 -1 8 -1 -1 -1 -1 -1 -1 -1 -1 -1 -1 -1 -1 -1 9 5 -1 10 -1 -1 -1 2 -1 -1 -1 -1 3 -1 -1 2 -1 -1 -1 -1 -1 -1 -1 -1 -1 5 -1 -1 -1 -1 -1 7 -1 -1 10 3 -1 -1 -1 -1 -1 6 -1 -1 3 -1 -1 -1 -1 -1 -1 -1 -1 -1 -1 -1 -1 -1 4 
808
-1-1 -1 -1 -1 -1 -1 -1 8 -1 1 -1 -1 -1 10 -1 -1 -1 -1 -1 10 -1 -1 -1 5 -1 -1 -1 -1 -1 5 4 -1 -1 4 -1 -1 10 -1 -1 3 -1 -1 -1 -1 1 -1 -1 -1 -1 -1 1 -1 -1 -1 1 -1 -1 -1 -1 8 -1 -1 -1 -1 7 -1 -1 -1 -1 -1 4 -1 -1 -1 -1 -1 7 -1 2 -1 -1 -1 -1 -1 2 3 7 -1 -1 -1 -1 -1 -1 5 -1 -1 -1 -1 -1 -1 -1 -1 -1 -1 -1 -1 -1 -1 -1 -1 7 9 10 2 -1 -1 -1 -1 -1 -1 -1 -1 -1 -1 -1 3 -1 -1 -1 -1 -1 -1 -1 -1 -1 -1 -1 -1 -1 10 -1 -1 -1 10 -1 -1 -1 -1 -1 10 -1 -1 -1 6 -1 -1 9 -1 -1 10 -1 6 -1 -1 -1 -1 -1 -1 -1 -1 -1 -1 -1 5 -1 9 -1 -1 -1 -1 -1 1 -1 -1 -1 -1 -1 -1 -1 -1 -1 -1 -1 -1 -1 -1 -1 -1 -1 3 -1 -1 -1 -1 -1 -1 5 -1 -1 -1 -1 -1 -1 -1 -1 -1 -1 10 -1 -1 -1 -1 -1 -1 6 4 -1 -1 -1 -1 -1 -1 -1 -1 -1 -1 -1 -1 7 -1 -1 7 -1 3 -1 -1 -1 -1 -1 -1 -1 -1 -1 -1 -1 -1 -1 -1 -1 -1 -1 -1 -1 -1 -1 -1 2 -1 -1 -1 -1 -1 -1 6 -1 -1 -1 -1 4 -1 5 -1 3 -1 8 10 -1 -1 9 -1 -1 8 -1 -1 10 -1 -1 -1 6 -1 5 5 -1 9 -1 -1 -1 -1 -1 -1 -1 -1 -1 -1 -1 -1 -1 -1 -1 -1 -1 -1 -1 -1 -1 -1 -1 1 -1 -1 -1 -1 -1 -1 -1 -1 -1 -1 -1 -1 -1 -1 -1 -1 -1 -1 7 -1 -1 -1 8 3 -1 -1 -1 -1 -1 -1 4 -1 -1 3 1 -1 -1 -1 10 -1 -1 -1 7 -1 -1 -1 7 8 10 -1 -1 -1 -1 -1 -1 -1 -1 -1 -1 -1 -1 -1 -1 4 -1 -1 -1 -1 -1 -1 -1 -1 -1 -1 -1 -1 -1 -1 -1 -1 -1 6 10 -1 -1 -1 8 -1 -1 -1 5 -1 -1 -1 -1 -1 7 -1 -1 -1 -1 -1 -1 -1 5 5 -1 -1 -1 -1 -1 -1 -1 -1 1 -1 7 -1 -1 6 -1 -1 -1 -1 -1 -1 -1 -1 -1 -1 -1 -1 -1 -1 -1 -1 1 -1 -1 -1 -1 -1 -1 -1 -1 -1 -1 -1 -1 -1 -1 -1 -1 4 -1 3 -1 -1 -1 -1 -1 -1 -1 -1 -1 -1 -1 -1 -1 5 -1 -1 8 -1 -1 -1 3 -1 2 -1 -1 -1 -1 1 -1 -1 -1 -1 2 -1 -1 -1 -1 -1 -1 10 2 -1 6 -1 -1 -1 -1 -1 -1 -1 -1 -1 -1 -1 3 -1 -1 -1 -1 -1 8 -1 -1 -1 -1 -1 -1 -1 -1 8 -1 -1 1 -1 9 -1 -1 -1 -1 -1 -1 -1 9 -1 -1 9 -1 -1 5 -1 -1 -1 2 -1 -1 -1 10 -1 -1 -1 -1 -1 -1 -1 -1 -1 -1 -1 -1 2 -1 -1 -1 -1 -1 4 -1 -1 -1 -1 -1 -1 -1 -1 -1 -1 -1 -1 -1 -1 -1 4 10 -1 -1 -1 9 -1 -1 10 -1 -1 8 -1 -1 -1 -1 -1 -1 1 -1 -1 -1 -1 -1 -1 -1 -1 -1 -1 -1 -1 2 -1 -1 8 -1 -1 8 -1 -1 -1 -1 1 4 -1 -1 -1 -1 -1 -1 -1 -1 -1 -1 4 -1 -1 -1 -1 -1 -1 -1 -1 -1 -1 -1 2 -1 -1 -1 -1 -1 6 7 3 -1 -1 9 7 -1 6 -1 -1 -1 -1 -1 -1 -1 -1 -1 -1 -1 -1 -1 -1 -1 -1 10 -1 -1 3 -1 -1 10 -1 10 -1 -1 -1 -1 2 -1 -1 -1 3 -1 -1 -1 -1 1 -1 -1 -1 -1 -1 -1 -1 -1 -1 -1 -1 1 -1 -1 -1 3 -1 -1 -1 -1 -1 8 -1 8 4 -1 8 -1 -1 -1 -1 -1 -1 -1 -1 -1 -1 -1 -1 -1 -1 -1 -1 -1 -1 -1 -1 -1 8 -1 -1 -1 -1 -1 -1 -1 -1 -1 -1 -1 -1 -1 -1 -1 10 -1 -1 -1 -1 -1 -1 -1 
100
-1-1 -1 -1 10 -1 1 -1 -1 6 -1 -1 -1 8 -1 -1 6 -1 -1 -1 -1 -1 -1 -1 -1 -1 -1 -1 -1 -1 -1 -1 -1 -1 -1 1 -1 -1 -1 -1 -1 -1 -1 -1 8 -1 -1 1 -1 -1 -1 5 8 -1 -1 -1 -1 -1 -1 -1 -1 -1 -1 5 -1 -1 -1 -1 -1 -1 -1 -1 -1 -1 -1 -1 -1 -1 7 -1 -1 -1 -1 -1 -1 -1 -1 3 9 10 10 1 -1 -1 -1 -1 -1 -1 -1 -1 
36
-1-1 -1 -1 9 -1 -1 -1 -1 -1 5 -1 -1 -1 7 -1 -1 -1 -1 -1 -1 -1 -1 -1 -1 -1 -1 -1 -1 8 -1 5 -1 -1 -1 -1 
137
-18 9 3 -1 -1 -1 -1 8 -1 -1 -1 -1 -1 1 -1 -1 -1 -1 7 -1 -1 -1 -1 -1 -1 -1 -1 -1 -1 7 -1 -1 9 -1 -1 -1 -1 -1 -1 -1 -1 -1 -1 -1 -1 -1 -1 -1 -1 -1 -1 5 -1 -1 -1 -1 9 -1 -1 -1 -1 -1 -1 7 -1 -1 -1 -1 2 -1 -1 -1 -1 -1 -1 -1 -1 -1 -1 -1 -1 -1 8 -1 -1 -1 -1 8 -1 -1 -1 -1 -1 9 -1 -1 -1 -1 -1 -1 -1 -1 -1 -1 -1 -1 -1 -1 -1 -1 -1 -1 7 -1 -1 -1 -1 -1 -1 -1 3 -1 -1 -1 -1 -1 -1 -1 -1 -1 -1 -1 -1 -1 -1 -1 
584
-14 -1 10 -1 -1 -1 -1 -1 -1 -1 9 -1 -1 -1 -1 -1 5 1 -1 -1 -1 -1 -1 10 -1 -1 -1 -1 -1 -1 5 -1 -1 -1 -1 -1 -1 -1 -1 -1 -1 -1 -1 6 -1 -1 -1 -1 -1 -1 -1 -1 -1 -1 -1 -1 -1 -1 -1 5 -1 -1 9 -1 -1 -1 -1 -1 -1 -1 -1 -1 8 -1 -1 7 -1 -1 -1 -1 -1 -1 6 -1 -1 -1 -1 -1 -1 -1 -1 -1 -1 -1 -1 -1 3 -1 -1 -1 -1 -1 -1 -1 -1 -1 -1 8 -1 2 -1 -1 -1 -1 -1 -1 -1 -1 -1 8 -1 1 -1 -1 -1 9 -1 -1 2 5 -1 -1 -1 -1 -1 -1 -1 -1 -1 7 -1 -1 -1 -1 8 -1 -1 -1 1 -1 9 -1 -1 -1 1 -1 -1 -1 -1 -1 -1 -1 -1 -1 10 -1 2 -1 4 2 -1 -1 -1 8 -1 -1 8 -1 -1 -1 -1 -1 -1 -1 -1 5 -1 -1 -1 -1 -1 -1 -1 -1 6 -1 6 -1 -1 -1 -1 -1 -1 -1 -1 -1 -1 -1 -1 5 -1 -1 -1 1 -1 -1 -1 -1 -1 -1 9 6 -1 -1 -1 -1 -1 -1 -1 -1 -1 -1 -1 -1 -1 3 -1 -1 9 -1 -1 -1 -1 -1 -1 -1 -1 -1 -1 -1 10 -1 -1 -1 -1 -1 -1 -1 -1 -1 -1 2 6 5 -1 -1 -1 -1 -1 -1 -1 1 -1 -1 -1 -1 -1 -1 9 -1 -1 -1 -1 -1 -1 -1 -1 -1 -1 -1 -1 -1 -1 -1 -1 -1 -1 -1 -1 -1 -1 -1 -1 -1 6 -1 2 -1 -1 -1 7 -1 -1 -1 10 -1 -1 -1 -1 -1 -1 -1 -1 -1 -1 -1 -1 -1 -1 -1 -1 -1 -1 -1 -1 -1 -1 -1 -1 -1 -1 -1 -1 -1 -1 -1 -1 6 -1 -1 -1 -1 -1 7 -1 -1 -1 -1 -1 5 -1 -1 -1 -1 -1 -1 -1 -1 -1 -1 -1 1 1 -1 7 -1 -1 2 -1 1 -1 -1 -1 -1 -1 -1 -1 -1 -1 -1 -1 3 9 -1 -1 2 6 -1 2 -1 -1 -1 -1 -1 -1 -1 -1 -1 -1 -1 6 7 -1 -1 -1 -1 -1 -1 -1 -1 9 -1 -1 -1 8 -1 -1 -1 -1 6 -1 -1 10 -1 -1 -1 5 -1 -1 -1 -1 -1 -1 -1 -1 -1 -1 -1 -1 -1 -1 -1 -1 -1 -1 -1 7 -1 -1 -1 -1 -1 7 -1 -1 -1 -1 -1 -1 -1 -1 -1 -1 -1 -1 -1 -1 10 -1 -1 5 -1 -1 8 -1 -1 -1 -1 -1 -1 -1 3 -1 -1 -1 -1 -1 5 -1 -1 -1 -1 -1 6 -1 -1 -1 -1 -1 -1 -1 -1 -1 -1 -1 8 -1 -1 -1 -1 5 1 -1 -1 -1 -1 -1 -1 -1 -1 -1 -1 -1 -1 -1 -1 -1 -1 -1 4 -1 -1 -1 4 -1 -1 -1 -1 -1 -1 -1 -1 -1 -1 3 8 -1 -1 2 -1 -1 -1 -1 3 -1 -1 -1 -1 4 -1 -1 -1 -1 -1 -1 -1 -1 -1 8 -1 -1 -1 -1 
182
-1-1 -1 2 -1 -1 -1 5 -1 -1 -1 4 -1 -1 -1 -1 -1 -1 -1 -1 -1 -1 -1 -1 -1 -1 8 -1 -1 -1 -1 -1 -1 -1 -1 -1 -1 -1 -1 -1 -1 -1 -1 -1 -1 -1 -1 -1 -1 -1 -1 -1 -1 -1 -1 6 -1 -1 8 9 10 2 -1 -1 -1 -1 -1 -1 -1 6 -1 5 7 -1 -1 -1 -1 -1 -1 -1 -1 -1 -1 -1 -1 -1 -1 -1 -1 -1 -1 -1 6 -1 -1 -1 -1 -1 -1 2 -1 -1 -1 -1 -1 -1 -1 -1 -1 1 -1 -1 -1 7 -1 1 -1 -1 -1 -1 -1 -1 -1 -1 -1 -1 -1 -1 -1 -1 -1 -1 -1 -1 -1 -1 -1 -1 -1 2 -1 -1 -1 -1 -1 -1 -1 -1 4 2 -1 2 9 -1 -1 -1 -1 -1 -1 -1 8 -1 -1 7 -1 -1 -1 -1 -1 -1 -1 -1 -1 -1 -1 -1 9 -1 -1 -1 -1 -1 
836
-1-1 -1 -1 -1 10 -1 -1 -1 -1 -1 -1 -1 -1 -1 -1 -1 -1 -1 -1 -1 -1 8 1 -1 -1 3 -1 -1 -1 -1 -1 7 8 -1 -1 -1 1 -1 -1 -1 -1 9 8 -1 -1 -1 -1 -1 -1 5 -1 -1 -1 -1 -1 -1 -1 -1 -1 -1 -1 4 5 -1 -1 -1 -1 -1 -1 -1 -1 -1 -1 -1 -1 -1 -1 1 -1 -1 -1 3 -1 -1 -1 7 -1 -1 2 4 -1 9 -1 -1 -1 -1 1 -1 -1 -1 -1 -1 -1 5 -1 -1 -1 -1 -1 -1 -1 -1 -1 -1 -1 -1 -1 -1 -1 -1 -1 -1 -1 8 -1 -1 10 -1 -1 2 -1 -1 -1 -1 -1 -1 -1 -1 3 -1 -1 -1 9 -1 7 -1 -1 -1 -1 -1 -1 -1 -1 -1 -1 -1 5 -1 -1 -1 -1 -1 -1 -1 -1 -1 -1 6 -1 6 -1 -1 -1 -1 -1 -1 -1 -1 -1 -1 -1 -1 -1 -1 -1 5 -1 -1 8 6 -1 -1 -1 -1 -1 -1 -1 -1 9 5 -1 3 -1 -1 -1 -1 -1 10 4 -1 -1 -1 -1 -1 -1 -1 -1 -1 -1 -1 -1 -1 -1 -1 -1 10 -1 4 -1 -1 -1 -1 -1 -1 3 -1 -1 -1 -1 -1 -1 -1 -1 9 9 -1 -1 -1 6 -1 -1 -1 -1 3 2 -1 1 -1 1 1 4 -1 -1 -1 -1 -1 -1 -1 4 -1 -1 -1 -1 5 -1 -1 -1 -1 5 5 10 -1 -1 -1 -1 -1 -1 -1 -1 8 -1 -1 -1 4 -1 -1 -1 -1 -1 -1 -1 -1 -1 -1 1 -1 -1 -1 4 -1 -1 -1 10 -1 -1 -1 -1 -1 -1 -1 10 -1 -1 -1 -1 -1 -1 4 -1 10 -1 -1 -1 -1 5 -1 -1 -1 -1 -1 -1 2 -1 -1 -1 -1 -1 -1 9 -1 -1 -1 -1 -1 -1 -1 -1 -1 5 -1 -1 -1 -1 3 7 -1 -1 -1 -1 -1 -1 -1 -1 4 9 -1 -1 -1 -1 -1 -1 -1 -1 -1 -1 -1 -1 -1 -1 -1 -1 -1 1 -1 -1 10 -1 -1 -1 -1 -1 -1 -1 -1 7 -1 7 -1 -1 8 -1 7 -1 5 -1 -1 -1 -1 -1 -1 -1 -1 -1 -1 1 -1 -1 -1 -1 -1 -1 -1 2 -1 -1 -1 -1 5 -1 -1 -1 10 -1 -1 -1 -1 -1 9 -1 -1 -1 -1 -1 6 -1 -1 -1 -1 -1 -1 -1 -1 -1 -1 -1 -1 -1 -1 -1 -1 -1 -1 -1 -1 -1 -1 -1 -1 4 -1 -1 -1 -1 -1 -1 -1 7 6 -1 -1 -1 -1 -1 3 -1 1 -1 -1 -1 1 -1 -1 -1 -1 9 1 -1 -1 -1 -1 7 -1 -1 -1 3 -1 -1 -1 -1 -1 -1 -1 -1 -1 -1 -1 -1 -1 -1 -1 1 -1 9 5 4 -1 -1 -1 -1 -1 -1 10 -1 -1 -1 3 -1 -1 -1 -1 -1 -1 -1 -1 10 -1 -1 8 -1 -1 -1 -1 -1 -1 -1 8 -1 1 -1 -1 -1 10 -1 9 -1 4 -1 8 -1 -1 -1 -1 -1 -1 2 -1 -1 -1 -1 1 -1 3 -1 -1 -1 -1 -1 3 -1 -1 -1 -1 -1 -1 9 -1 -1 -1 -1 -1 -1 -1 -1 -1 3 -1 -1 1 -1 -1 -1 -1 -1 -1 -1 -1 -1 -1 3 -1 6 -1 -1 2 -1 -1 5 10 -1 -1 -1 -1 -1 1 5 -1 -1 -1 -1 -1 -1 -1 -1 -1 -1 -1 -1 -1 -1 -1 -1 -1 -1 -1 6 -1 -1 -1 6 10 1 -1 -1 -1 -1 -1 -1 -1 -1 2 3 -1 -1 -1 -1 2 -1 -1 -1 -1 -1 -1 -1 -1 -1 -1 -1 -1 -1 2 7 -1 2 -1 -1 -1 -1 -1 -1 2 -1 -1 -1 -1 5 -1 -1 -1 -1 -1 -1 6 -1 -1 -1 -1 1 10 -1 -1 2 -1 -1 -1 -1 2 -1 2 -1 -1 -1 -1 -1 -1 -1 -1 -1 -1 -1 -1 -1 -1 3 -1 -1 8 -1 -1 -1 -1 -1 8 -1 -1 -1 -1 -1 6 -1 5 1 -1 -1 -1 -1 -1 -1 -1 -1 -1 -1 -1 9 -1 -1 -1 -1 -1 -1 -1 -1 -1 -1 9 7 -1 -1 -1 6 -1 -1 -1 -1 -1 -1 -1 -1 -1 -1 -1 -1 3 -1 -1 -1 -1 -1 -1 4 -1 -1 -1 -1 -1 -1 4 -1 10 -1 -1 -1 -1 -1 3 -1 
771
-14 -1 -1 -1 -1 -1 -1 -1 -1 -1 -1 -1 7 -1 -1 7 -1 7 8 -1 -1 -1 1 -1 -1 -1 8 9 -1 8 -1 6 -1 6 -1 -1 -1 10 -1 6 -1 -1 -1 -1 -1 -1 4 -1 -1 -1 -1 -1 -1 -1 -1 -1 -1 -1 -1 -1 9 -1 -1 -1 -1 -1 -1 -1 -1 1 -1 -1 7 -1 -1 -1 -1 -1 -1 -1 -1 -1 -1 -1 -1 -1 -1 -1 4 -1 1 -1 6 -1 -1 -1 -1 -1 -1 -1 3 -1 -1 -1 -1 -1 -1 -1 -1 -1 -1 -1 2 -1 -1 -1 -1 8 -1 5 -1 -1 -1 5 -1 2 1 -1 -1 -1 -1 -1 -1 -1 10 -1 4 -1 8 -1 9 -1 -1 -1 -1 -1 -1 -1 -1 -1 -1 -1 9 -1 -1 -1 -1 -1 9 -1 2 -1 -1 -1 -1 -1 9 -1 -1 -1 -1 -1 -1 9 -1 -1 -1 -1 -1 -1 2 -1 -1 10 -1 -1 -1 -1 -1 8 -1 -1 -1 -1 -1 9 2 3 -1 -1 -1 -1 -1 -1 -1 -1 -1 7 -1 -1 -1 -1 -1 -1 -1 -1 -1 -1 -1 -1 -1 -1 -1 -1 -1 -1 -1 -1 2 -1 -1 -1 -1 6 3 -1 -1 10 -1 -1 -1 -1 -1 -1 -1 -1 -1 -1 -1 -1 -1 -1 -1 -1 4 -1 -1 -1 -1 -1 -1 -1 -1 -1 -1 7 -1 -1 -1 -1 -1 3 -1 9 7 5 -1 -1 6 -1 6 -1 -1 -1 6 -1 -1 6 -1 9 -1 -1 9 -1 -1 -1 -1 -1 -1 -1 1 -1 9 -1 -1 -1 -1 -1 1 -1 -1 -1 -1 9 3 -1 -1 10 -1 -1 -1 -1 -1 -1 -1 -1 -1 -1 -1 9 -1 -1 -1 6 -1 -1 -1 -1 -1 -1 -1 -1 -1 -1 6 -1 -1 6 -1 -1 -1 -1 -1 -1 -1 -1 -1 -1 -1 -1 -1 -1 -1 -1 -1 -1 -1 -1 -1 -1 -1 -1 -1 -1 -1 -1 -1 -1 -1 -1 -1 -1 -1 -1 -1 -1 -1 2 -1 -1 2 -1 -1 -1 -1 -1 -1 -1 -1 -1 -1 5 -1 3 -1 -1 -1 -1 -1 -1 5 -1 -1 8 -1 -1 -1 -1 -1 4 -1 -1 10 -1 -1 -1 8 -1 -1 2 -1 -1 -1 -1 -1 -1 -1 -1 5 -1 -1 -1 -1 -1 -1 -1 -1 10 -1 -1 -1 -1 4 -1 -1 -1 -1 -1 10 -1 -1 -1 -1 -1 -1 9 -1 -1 -1 -1 -1 -1 -1 -1 9 9 -1 -1 -1 -1 -1 -1 1 -1 -1 -1 8 -1 8 2 5 -1 -1 10 -1 -1 -1 -1 -1 -1 -1 -1 -1 7 -1 -1 -1 -1 -1 -1 -1 4 -1 -1 -1 -1 -1 -1 -1 -1 4 -1 -1 -1 -1 -1 -1 7 -1 2 6 -1 2 -1 -1 -1 -1 -1 -1 6 -1 -1 -1 -1 -1 -1 -1 -1 -1 -1 2 -1 -1 -1 -1 -1 -1 3 -1 -1 -1 -1 -1 -1 -1 -1 -1 4 -1 -1 -1 -1 -1 -1 -1 -1 3 -1 2 -1 -1 8 -1 -1 -1 -1 -1 -1 -1 -1 -1 -1 -1 -1 8 -1 -1 -1 -1 -1 -1 -1 -1 -1 -1 -1 -1 8 -1 -1 -1 -1 -1 -1 1 -1 -1 -1 -1 -1 -1 -1 -1 -1 -1 -1 -1 -1 -1 -1 -1 -1 -1 -1 -1 -1 -1 -1 -1 4 -1 -1 -1 -1 -1 5 -1 -1 -1 -1 -1 -1 -1 -1 -1 -1 4 -1 -1 -1 -1 7 5 -1 -1 -1 -1 1 -1 -1 -1 9 -1 -1 -1 -1 -1 -1 -1 -1 3 -1 -1 -1 -1 -1 -1 -1 -1 -1 -1 -1 -1 -1 -1 3 7 -1 -1 -1 -1 -1 -1 -1 -1 -1 -1 -1 -1 -1 -1 -1 -1 -1 -1 -1 -1 -1 6 -1 -1 -1 6 -1 7 -1 -1 -1 -1 -1 6 -1 -1 -1 -1 -1 -1 -1 -1 6 -1 -1 -1 -1 -1 -1 -1 -1 -1 -1 -1 -1 -1 -1 -1 -1 -1 -1 -1 -1 -1 -1 -1 -1 -1 -1 2 8 -1 -1 
258
55 2 -1 7 -1 -1 -1 -1 -1 -1 -1 -1 -1 -1 -1 10 -1 -1 -1 -1 -1 1 -1 -1 9 -1 -1 -1 3 -1 -1 -1 -1 -1 -1 -1 -1 -1 -1 -1 -1 -1 -1 -1 -1 -1 -1 -1 -1 8 -1 -1 -1 -1 -1 -1 6 -1 -1 -1 -1 -1 -1 3 -1 -1 -1 -1 -1 -1 -1 -1 -1 -1 -1 -1 -1 -1 -1 6 -1 -1 -1 -1 1 -1 -1 -1 -1 -1 -1 -1 7 -1 -1 -1 -1 -1 -1 -1 -1 -1 5 -1 -1 -1 -1 -1 -1 -1 10 -1 -1 -1 -1 -1 -1 -1 -1 6 -1 -1 10 -1 -1 9 6 8 -1 -1 -1 -1 -1 4 -1 7 -1 7 -1 -1 1 -1 -1 -1 -1 -1 -1 -1 -1 -1 -1 -1 -1 -1 -1 -1 -1 -1 -1 -1 -1 -1 -1 3 -1 -1 -1 -1 -1 9 -1 -1 -1 -1 -1 9 -1 -1 -1 -1 -1 -1 -1 -1 -1 -1 -1 -1 -1 2 -1 -1 4 -1 8 -1 -1 6 -1 -1 1 -1 -1 -1 -1 -1 -1 -1 -1 -1 -1 -1 -1 -1 -1 2 -1 -1 -1 -1 -1 8 -1 3 -1 -1 2 -1 1 -1 -1 -1 -1 -1 -1 -1 -1 -1 -1 -1 -1 7 -1 -1 -1 -1 -1 -1 1 -1 -1 -1 7 3 3 -1 -1 