100
7 6
27 12 11 4 14 1 29
15 24 28 11 20 18 1
11 10
6 3 21 23 29 8 28 27 21 14 10
11 8 26 17 16 3 11 1 5 5 1
8 4
23 24 9 24 16 7 17 1
17 9 24 15 20 16 21 12
26 2
1 28 21 16 27 29 21 19 22 29 6 15 21 22 7 14 4 24 11 9 19 27 1 9 16 21
12 15 3 20 27 11 3 20 10 10 28 25 11 27 28 11 25 1 18 25 11 25 17 8 19 27
24 22
3 9 23 22 6 21 12 18 27 17 24 27 12 29 24 29 10 11 3 10 8 22 1 19
11 15 18 5 8 10 27 9 2 18 19 13 7 7 15 10 10 23 7 17 15 12 12 21
7 2
21 29 7 27 14 17 5
13 28 19 6 3 1 15
25 0
22 20 7 12 19 22 8 29 7 3 14 23 19 23 6 18 18 8 22 6 19 1 1 20 10
12 9 16 8 26 6 1 3 13 24 18 8 16 25 4 24 22 6 23 12 26 12 9 20 23
28 1
14 1 3 27 28 1 7 25 27 8 6 1 17 16 3 4 28 25 6 20 20 17 28 21 19 14 1 28
23 18 26 22 2 10 1 22 22 4 14 17 10 22 14 2 17 24 14 13 22 26 13 26 13 9 14 27
14 3
14 22 9 13 19 28 15 17 27 29 23 24 26 1
20 10 13 7 24 25 3 4 9 24 28 10 10 26
17 14
24 16 26 24 10 22 3 13 13 24 15 24 10 2 2 22 14
25 18 18 6 25 27 16 6 8 20 1 24 11 1 9 8 10
18 14
3 27 17 19 15 15 6 17 6 2 19 16 12 27 18 26 22 28
17 14 24 6 11 1 16 10 2 8 1 27 6 5 6 17 22 16
4 0
15 22 6 24
9 17 4 13
1 0
25
28
24 2
20 24 17 11 24 29 20 20 6 9 8 21 2 14 16 8 15 15 10 26 18 17 6 8
6 19 2 25 17 12 12 9 3 10 16 29 2 4 9 13 3 19 27 6 26 13 1 19
9 0
15 16 24 2 4 6 19 26 20
15 16 15 3 6 13 8 29 7
3 0
7 3 16
1 19 5
26 3
7 18 7 23 22 1 14 11 8 17 11 2 20 26 22 5 22 2 29 27 25 4 19 20 24 22
29 20 13 12 1 2 15 22 3 17 14 9 12 7 14 9 2 22 17 24 14 28 29 29 24 4
26 0
23 19 14 20 8 15 21 28 17 28 11 7 9 12 14 10 28 11 12 29 19 4 16 11 27 27
8 14 8 13 26 16 1 10 3 20 9 18 28 3 5 24 8 24 15 26 18 29 19 11 7 17
7 1
9 21 28 16 8 21 11
10 26 23 10 13 11 12
9 5
25 10 9 5 15 21 8 5 15
23 25 17 23 15 24 24 25 27
19 14
2 13 16 17 27 5 16 29 20 4 4 24 12 14 8 10 12 3 14
16 9 22 9 12 23 16 27 14 12 15 10 19 11 4 18 10 26 11
14 13
13 20 7 18 24 18 10 26 12 11 23 5 13 16
24 16 1 22 8 27 28 13 22 20 23 6 12 2
6 4
10 19 28 27 16 18
8 1 15 27 15 23
8 1
17 15 7 28 17 8 4 27
2 12 2 8 17 4 28 3
3 1
17 16 5
23 14 28
29 0
9 23 3 6 10 2 14 2 24 13 21 26 25 23 19 9 5 21 8 7 10 17 7 1 16 3 14 5 27
7 15 4 6 23 19 11 27 8 16 24 18 20 14 21 16 16 20 27 7 19 14 13 12 9 1 25 12 5
21 6
12 26 10 17 9 15 1 3 4 16 21 21 25 9 22 5 16 28 14 18 18
23 11 17 24 16 15 19 26 7 23 26 13 5 22 7 27 20 22 18 26 24
4 3
25 12 27 26
21 19 16 16
29 12
28 10 13 16 23 23 11 24 15 1 12 10 20 16 27 22 19 17 21 22 13 21 7 20 1 9 20 23 12
25 2 26 27 19 25 4 20 15 8 12 27 11 3 11 9 12 3 21 4 7 16 3 4 24 12 25 29 17
10 6
21 23 16 21 19 22 5 8 3 21
5 29 15 25 27 2 4 18 26 2
6 1
22 14 5 6 2 26
2 15 16 7 19 7
17 6
28 17 16 12 26 18 9 10 3 23 18 28 25 29 1 9 9
13 12 10 9 15 14 28 6 20 6 23 7 9 4 8 6 10
3 2
24 10 11
20 20 10
26 4
10 13 6 24 22 1 13 8 24 2 17 26 18 11 27 21 17 3 4 1 9 8 23 23 11 15
7 22 26 18 21 16 22 9 25 8 26 22 19 7 3 4 15 7 21 25 8 11 10 2 29 17
19 2
27 4 28 16 28 8 1 21 15 25 13 10 2 1 8 22 1 26 4
2 29 23 23 20 1 12 6 17 5 11 28 9 3 16 19 18 18 13
23 7
15 25 9 12 13 16 20 20 1 25 19 27 6 17 4 16 10 24 2 29 19 1 20
28 10 21 2 5 13 20 12 2 8 18 26 15 28 4 2 8 7 20 15 16 8 15
12 7
2 11 28 5 20 15 25 27 18 27 21 29
11 27 1 22 23 12 13 26 20 20 17 15
17 3
10 17 29 24 25 16 12 28 4 17 6 9 27 8 13 26 19
24 10 20 9 14 21 12 16 28 2 11 7 27 15 28 29 19
9 6
3 17 12 14 26 6 15 19 22
6 15 11 1 14 2 14 2 16
24 9
8 8 10 22 2 3 13 22 12 28 10 4 24 5 9 11 14 5 5 14 24 2 26 11
25 4 5 23 2 11 10 17 26 26 14 25 16 19 25 4 28 24 27 21 9 12 28 4
19 9
21 11 25 27 16 22 22 8 21 23 11 8 19 20 27 16 23 4 9
1 2 17 11 9 3 18 23 29 5 16 4 25 12 13 18 26 2 23
24 19
3 4 15 21 22 2 27 23 27 13 7 2 12 4 11 23 21 18 11 15 6 26 12 20
28 17 13 16 23 25 26 8 23 22 8 9 15 28 6 12 18 23 8 19 15 20 23 29
27 5
26 28 2 1 6 22 24 27 10 24 23 20 2 19 18 19 24 23 15 9 16 21 18 7 20 29 18
28 29 27 10 7 5 9 11 18 17 23 6 11 10 19 27 6 9 18 17 6 20 14 22 25 13 13
6 3
11 28 12 22 29 17
11 29 2 14 2 20
19 18
17 19 6 10 29 12 18 12 27 9 6 12 14 27 4 2 8 10 18
11 7 3 1 13 27 19 2 6 8 2 26 8 8 15 7 14 2 21
4 2
9 9 27 1
18 18 5 26
28 26
20 15 3 10 4 12 8 2 27 15 20 12 4 3 8 27 7 21 18 7 28 28 22 28 23 15 10 26
4 19 20 14 2 28 11 24 11 12 7 15 2 6 8 1 2 14 1 22 1 8 9 13 26 1 26 9
6 4
6 21 16 15 12 8
3 26 27 26 10 3
19 11
13 14 23 3 3 24 7 25 12 7 11 4 5 1 2 9 19 20 26
12 10 5 29 5 2 19 3 12 22 17 13 26 9 2 14 1 25 21
20 11
21 21 12 18 28 7 6 3 20 23 28 14 17 28 9 5 10 24 16 29
10 10 25 8 16 17 8 22 14 6 5 22 25 17 29 12 24 20 2 22
18 17
2 15 15 20 17 5 18 7 20 20 8 9 27 19 23 8 21 3
2 6 1 29 11 5 24 2 14 28 23 1 23 10 28 11 13 19
22 18
7 14 15 25 13 6 6 10 17 6 14 10 13 20 23 10 7 13 25 5 10 16
28 26 3 21 28 5 27 23 8 1 4 17 28 9 29 29 19 16 28 25 24 14
5 1
27 20 6 5 12
12 23 9 13 26
26 24
11 11 13 15 20 1 14 10 8 20 27 15 27 11 14 27 8 11 17 24 8 18 17 26 13 13
18 23 3 16 15 16 8 16 21 29 19 22 7 14 19 23 29 13 12 6 29 21 14 12 11 25
11 5
28 3 7 18 14 26 2 14 24 20 10
14 29 23 14 2 19 26 7 17 7 26
22 12
19 3 29 21 7 23 17 18 1 1 27 26 16 25 24 21 4 19 14 24 26 18
28 3 5 16 11 18 20 4 15 19 29 7 25 25 9 28 12 2 17 13 29 5
14 1
10 24 18 6 8 12 21 4 25 16 20 7 9 27
21 7 26 6 7 16 21 29 24 5 3 2 19 2
29 20
22 27 21 5 2 12 3 15 19 14 5 18 5 21 7 18 25 20 24 16 5 15 26 16 19 17 27 6 24
9 28 27 19 21 26 20 20 3 15 20 29 17 4 6 27 29 24 27 14 13 4 3 6 3 3 9 6 17
22 16
2 8 13 6 13 4 20 3 22 11 10 6 10 7 27 14 14 27 12 23 26 11
4 8 16 2 20 7 22 20 19 2 25 1 17 3 16 10 23 15 18 28 3 1
7 0
12 7 14 7 2 7 9
11 5 14 11 14 12 19
14 0
21 23 19 3 14 23 2 8 6 10 20 21 4 7
17 11 6 20 28 11 25 14 11 26 2 16 10 20
8 6
3 8 11 3 10 10 14 27
20 24 20 17 22 29 4 14
21 9
16 25 22 29 2 13 4 15 9 16 16 6 4 12 29 23 21 16 26 3 4
29 1 10 16 11 26 27 8 25 13 7 27 19 23 21 5 2 7 22 23 15
26 8
18 28 9 1 16 10 14 17 12 23 29 2 27 13 27 29 9 3 27 16 7 17 11 29 11 26
28 8 9 12 20 13 3 15 8 12 6 14 3 9 8 2 15 4 3 2 17 21 24 14 12 27
21 19
9 6 17 23 24 27 8 18 29 17 4 14 26 6 21 2 2 20 9 4 9
11 24 7 15 17 24 23 27 11 11 21 3 16 21 29 25 6 2 5 23 21
14 2
4 29 18 28 23 24 21 19 16 19 14 18 1 7
20 15 17 8 13 24 6 2 17 4 19 20 3 29
12 7
9 22 4 7 19 5 18 18 27 24 7 3
14 8 14 18 9 18 26 23 20 26 24 20
24 5
16 11 5 29 18 27 29 1 23 26 28 11 15 9 9 26 23 6 15 16 12 18 12 26
9 21 18 22 27 2 9 17 14 17 25 29 3 5 3 26 18 28 1 21 3 11 15 9
7 1
7 11 11 20 15 16 23
1 4 3 15 23 18 15
17 3
13 10 29 13 5 5 24 21 4 24 12 2 15 7 19 3 11
8 5 11 6 12 6 25 11 15 24 27 17 16 21 14 23 26
30 13
21 4 6 7 8 3 28 4 4 14 9 3 23 11 24 7 29 5 8 22 26 18 9 6 4 21 23 17 25 9
15 28 6 6 6 17 8 9 13 9 2 24 29 24 26 6 7 6 2 8 25 17 22 1 4 3 28 19 20 6
2 1
10 18
21 1
15 0
14 15 22 9 26 21 8 15 26 28 12 22 2 6 5
3 22 6 24 26 27 2 20 3 3 23 8 13 27 26
10 1
26 24 3 26 25 3 17 15 29 3
5 4 2 10 7 26 8 6 29 20
2 1
18 16
26 9
23 18
9 28 6 10 2 18 15 26 18 21 17 16 27 13 9 21 24 25 7 11 26 20 3
24 18 12 16 13 19 9 18 12 7 7 2 6 8 13 12 27 22 29 2 5 17 23
28 14
6 6 17 11 18 29 21 3 5 15 4 4 9 12 25 21 13 12 8 8 15 17 14 26 3 9 20 15
27 14 4 18 21 20 5 19 12 1 22 10 6 2 18 11 9 16 10 5 6 9 21 13 14 24 14 25
25 9
2 9 6 28 4 23 21 15 19 10 22 19 2 24 13 2 27 23 13 16 9 2 6 27 8
10 18 1 27 25 8 2 15 13 3 28 28 5 27 6 25 8 27 9 10 16 8 4 16 27
9 5
5 11 2 1 17 17 4 8 21
25 12 3 1 12 17 25 2 4
8 7
2 25 7 4 11 1 28 24
28 14 28 15 22 17 7 5
25 9
3 16 27 20 6 29 10 1 22 8 9 6 29 21 19 17 4 20 8 12 18 4 14 19 2
4 29 20 1 21 23 23 18 15 2 20 12 8 24 14 21 11 9 25 13 11 2 23 18 23
3 0
20 17 26
18 2 3
12 0
24 15 27 7 28 26 1 13 13 24 3 10
14 23 11 4 15 24 27 14 1 22 10 8
26 14
10 3 27 11 27 14 24 24 20 16 28 12 12 10 15 23 22 14 13 7 16 11 29 19 2 10
25 2 8 13 25 7 20 9 8 8 2 6 4 20 7 12 19 25 22 8 1 17 27 19 15 19
8 7
4 25 7 23 19 12 8 25
26 16 21 1 10 7 11 26
26 7
10 4 14 10 15 23 19 23 4 18 12 24 21 18 17 22 15 7 15 2 16 16 23 6 12 1
19 4 2 27 25 10 19 8 23 12 9 15 2 13 29 20 29 25 27 9 8 8 21 15 23 8
20 10
6 9 13 23 28 18 15 23 18 25 22 19 20 21 14 8 17 28 24 12
29 7 14 23 10 18 20 15 2 19 4 20 24 24 12 8 9 13 15 6
3 2
4 26 26
3 1 28
11 10
15 9 11 16 29 25 22 25 23 11 6
13 13 29 13 25 5 28 4 26 20 15
5 0
16 5 4 10 6
25 4 27 26 15
4 0
29 14 15 5
2 24 12 27
14 11
17 27 25 28 13 24 16 26 12 6 8 26 21 13
6 15 29 25 3 8 5 4 18 1 21 17 10 10
29 9
24 16 18 13 22 29 21 8 20 16 12 22 27 9 22 4 9 4 25 23 10 6 1 6 19 29 29 25 9
19 26 16 12 12 21 8 21 21 17 5 29 24 24 2 21 22 11 2 7 29 18 6 17 24 3 21 10 24
17 14
25 13 21 4 22 23 13 6 22 4 14 3 6 22 5 17 10
27 4 16 3 8 10 27 17 15 27 17 18 21 15 11 11 23
20 0
12 20 6 13 20 2 27 21 5 19 23 7 6 9 24 28 22 2 14 23
6 1 3 11 25 26 13 19 28 10 3 10 28 2 6 24 26 13 24 19
15 0
6 26 29 9 10 11 12 13 22 17 22 22 17 11 23
16 12 25 28 20 20 10 9 27 19 28 19 11 1 3
3 1
29 15 3
14 15 27
3 0
17 21 14
2 13 4
23 22
6 5 22 1 27 28 27 23 10 6 11 22 24 16 17 6 23 11 14 19 25 28 17
12 15 23 20 29 17 12 16 18 15 22 25 9 11 12 4 6 3 12 5 23 15 13
4 1
15 24 7 8
17 7 22 17