100
72825
99536
91740
92999
2349
84639
39144
30884
55814
88037
77459
16200
26221
53945
1
2
91143
56778
18569
59465
31006
39185
70810
66352
12524
76503
41349
34043
84858
55600
19986
61388
45334
14914
80944
6120
43189
62829
50161
67592
13581
8705
50575
24741
91671
12557
24762
83866
5648
8624
22304
32531
51728
39598
81194
11288
15802
32857
63944
68475
59190
14286
60917
81402
95567
58262
56501
25939
16382
14582
77753
8982
25656
90016
12683
44968
47625
69214
32241
4525
16118
68286
93301
92098
91234
92916
96126
31346
91796
9946
75324
82166
64730
63669
66862
38558
35909
10327
44706
78316